length=1200
0 -0.000316853562318
10 -1.48701946682e-05
20 9.66323766882e-05
30 0.000551936114906
40 9.19929092501e-05
50 -0.000711754944226
60 -8.45592553532e-05
70 0.000403264299397
80 0.000124511528333
90 -0.000140306187513
100 -0.000795386068458
110 -0.000265756094908
120 0.000649492742608
130 0.000133799151681
140 -0.000219291457909
150 -0.000437653141685
160 -0.000544514286984
170 0.000333564192473
180 0.000547281071341
190 -0.000465529833452
200 -0.000451596644028
210 0.000356793563761
220 0.000533343101401
230 0.000380032189757
240 0.000143092706583
250 -0.000716405996291
260 -0.00095335643288
270 -0.000423728037365
280 -2.4180857316e-05
290 0.000500810874093
300 0.000793510517069
310 0.00106298335074
320 0.000133804637673
330 -0.000256453545209
340 1.7654745837e-05
350 0.000291765775237
360 0.00129993911552
370 0.000435806022762
380 -0.000934743888878
390 0.000184919918306
400 0.000816770511505
410 7.8073151684e-05
420 5.0198251449e-05
430 0.000751736698601
440 0.00024998196874
450 -0.000711726493194
460 5.48475955246e-05
470 0.000682050942505
480 0.000417238796191
490 -0.000177438208621
500 -0.000865040087499
510 -0.00018209457031
520 0.000742446995959
530 -1.48348931135e-05
540 0.000519448824444
550 0.000886483799655
560 0.000110619562732
570 -0.000377203732107
580 2.69898587301e-05
590 0.000291809087632
600 -0.000878966556357
610 -0.000126331978483
620 0.000133839772136
630 -0.00083251579678
640 0.00024068956487
650 0.000886478555007
660 -0.000367918188055
670 -0.000697784076918
680 -0.000209966648654
690 0.000301085386259
700 0.000435820846992
710 0.000970109066589
720 0.0011606025707
730 0.000236070778961
740 7.81109502364e-05
750 0.000370806369648
760 -0.000223871099292
770 0.000180324023167
780 0.000649566436799
790 -0.00100903003287
800 0.000124570871693
810 0.000477664061833
820 -0.00010772044629
830 0.000194265009934
840 0.000449794016373
850 0.000161749816112
860 -0.000279613501571
870 -6.1256802528e-05
880 -0.0010973035207
890 -0.000679179283862
900 -0.00034932385644
910 -0.000549103053128
920 0.00149510799197
930 0.000319698422223
940 -0.0013574851294
950 0.000649550266578
960 0.000900437874807
970 -0.00142252646117
980 -0.000827859500088
990 0.000812151400684
1000 -7.0570352059e-05
1010 -0.000516581937043
1020 0.000561272527337
1030 0.00107233226677
1040 0.000417264499559
1050 0.000403330827441
1060 0.000812178162286
1070 0.00109558902159
1080 0.000133889006783
1090 -0.000590877335732
1100 0.000579895319274
1110 0.000291852418571
1120 -0.000883569172081
1130 0.00019892757235
1140 -8.46147630462e-07
1150 -0.00105083010242
1160 -0.000112359375362
1170 7.81233145722e-05
1180 -0.000144881345448
1190 0.000672803818906
1200 0.000705332166106
1210 0.000626358118318
1220 0.000700699521344
1230 0.000449825400665
1240 0.000486997466713
1250 0.000356915824248
1260 -0.000600145623532
1270 0.000296516085616
1280 0.000115327126949
1290 -0.000195950148339
1300 0.000705361545382
1310 0.000728598324148
1320 -0.000939289249828
1330 -0.000446828288367
1340 -0.000781340912909
1350 -0.001571159652
1360 -0.000214558923631
1370 0.000291847118207
1380 6.41986465127e-05
1390 0.000342956086701
1400 0.00084007580475
1410 0.00106308963593
1420 0.00109562188181
1430 0.00235933031788
1440 0.00368809463149
1450 0.0055186344586
1460 0.0192056484526
1470 0.0930578084458
1480 0.382708787198
1490 1.16937895086
1500 2.20095345989
1510 3.03919961379
1520 3.7464860031
1530 4.3567239431
1540 4.89457673694
1550 5.36452807466
1560 5.83448410669
1570 6.26056164647
1580 6.66326043036
1590 7.09575255297
1600 7.55835862714
1610 8.10649348847
1620 8.76354100317
1630 9.5727448153
1640 10.603935165
1650 11.9849200467
1660 13.7211483136
1670 15.7546464578
1680 18.0197528267
1690 20.3909061635
1700 22.8290290693
1710 25.2220118823
1720 27.4923378656
1730 29.6524980877
1740 31.6377877712
1750 33.4264237333
1760 34.983169334
1770 36.3221161266
1780 37.5086062421
1790 38.8866567147
1800 40.4806134153
1810 41.8747093319
1820 42.9837386165
1830 43.8064171603
1840 44.3859846586
1850 44.7688843909
1860 44.973692676
1870 45.0420487145
1880 45.0963115613
1890 45.1198246836
1900 45.2131667565
1910 45.3423850631
1920 45.4651983515
1930 45.4726993794
1940 45.2325968047
1950 44.6132385942
1960 43.4195489841
1970 41.5342868626
1980 39.4267071332
1990 37.544287952
2000 35.7169441811
2010 33.912644848
2020 32.1156947368
2030 30.0153881477
2040 27.5169087423
2050 24.8085978984
2060 22.0269078081
2070 19.4155976289
2080 17.1825536476
2090 15.4181085381
2100 14.0793447412
2110 12.975038317
2120 12.0712381937
2130 11.246546902
2140 10.4554804696
2150 9.68939072133
2160 9.00913780053
2170 8.35001888828
2180 7.74182351216
2190 7.16213011486
2200 6.57826682769
2210 6.01169472948
2220 5.36311627164
2230 4.54252205531
2240 3.52812892645
2250 2.44710009552
2260 1.64729723696
2270 1.25236483917
2280 1.07908663519
2290 0.972752583153
2300 0.926957047255
2310 0.893653347746
2320 0.859388369753
2330 0.840177865187
2340 0.785732493301
2350 0.752747697851
2360 0.703426496066
2370 0.670120563002
2380 0.648025330204
2390 0.619843887236
2400 0.565396313795
2410 0.569565883497
2420 0.54843059161
2430 0.542029589118
2440 0.505518890986
2450 0.486945480954
2460 0.453637384735
2470 0.456524576739
2480 0.421294285146
2490 0.432509349943
2500 0.41970088447
2510 0.411376704223
2520 0.385435103115
2530 0.373587112943
2540 0.360457743452
2550 0.345406351382
2560 0.346050255197
2570 0.351498893865
2580 0.329400477133
2590 0.316590981281
2600 0.305382933583
2610 0.308588959248
2620 0.289052635566
2630 0.285531878199
2640 0.275925096259
2650 0.269201055393
2660 0.276570817458
2670 0.262479532697
2680 0.248388107138
2690 0.249031041372
2700 0.243267677402
2710 0.250316865043
2720 0.246155090024
2730 0.24871989324
2740 0.241354949919
2750 0.228224258855
2760 0.22406226304
2770 0.232392519605
2780 0.249051055355
2790 0.211576483592
2800 0.201008016776
2810 0.212861510478
2820 0.198449273699
2830 0.197810447823
2840 0.195249724166
2850 0.197814018593
2860 0.198776762468
2870 0.196856678871
2880 0.197178782686
2890 0.178602291117
2900 0.182127364838
2910 0.172199234088
2920 0.187255592099
2930 0.171882153634
2940 0.16643833371
2950 0.17925242751
2960 0.187582236084
2970 0.183099518648
2980 0.149147755231
2990 0.163242937155
3000 0.164525650668
3010 0.170292790203
3020 0.16580989997
3030 0.153959714642
3040 0.157804857198
3050 0.158126570621
3060 0.146276308495
3070 0.151082319943
3080 0.139552302649
3090 0.131225322459
3100 0.150765684101
3110 0.155892055579
3120 0.131229161844
3130 0.12834745737
3140 0.120981310873
3150 0.150131027024
3160 0.121944608158
3170 0.140523931311
3180 0.128353177958
3190 0.125151129454
3200 0.124511570793
3210 0.127715788494
3220 0.120669950828
3230 0.13764768503
3240 0.11490650028
3250 0.106258958466
3260 0.113947406994
3270 0.1203546714
3280 0.114910336286
3290 0.109465946773
3300 0.0947323611853
3310 0.123561499711
3320 0.0966560761714
3330 0.113953885609
3340 0.0924937249847
3350 0.102103927297
3360 0.0950578336362
3370 0.0870507238857
3380 0.104989067785
3390 0.102427416147
3400 0.106272043513
3410 0.0915384259257
3420 0.0857734875875
3430 0.0864147962551
3440 0.0915405245458
3450 0.0915412603517
3460 0.0995498769134
3470 0.0816130398248
3480 0.0854574591956
3490 0.0787315143679
3500 0.0902634704648
3510 0.0784125299525
3520 0.0928273199214
3530 0.0896249162247
3540 0.0780942845428
3550 0.0944309626931
3560 0.0848222703915
3570 0.0713696993292
3580 0.0784171686043
3590 0.0861053387383
3600 0.0816216069221
3610 0.100520842114
3620 0.0742558186387
3630 0.0781001644109
3640 0.0883508531868
3650 0.0729764259423
3660 0.0829067482891
3670 0.0617665925016
3680 0.0880328795923
3690 0.0745803405293
3700 0.0781043742711
3710 0.0716986710751
3720 0.0659335343409
3730 0.0742622101379
3740 0.0611298487079
3750 0.0688178460455
3760 0.0691386698862
3770 0.0624125618619
3780 0.0569676475598
3790 0.0627337119169
3800 0.0845155953841
3810 0.0736255429636
3820 0.0579306532918
3830 0.0649779881696
3840 0.0617753060786
3850 0.0675414184346
3860 0.0652997076337
3870 0.0694642790378
3880 0.0627381742133
3890 0.0588948392623
3900 0.0784344777187
3910 0.0681849949598
3920 0.0540916270403
3930 0.0614592387491
3940 0.0630612499122
3950 0.0515303526355
3960 0.043843122924
3970 0.056976306379
3980 0.0710705667219
3990 0.0576178580623
4000 0.0630636135889
4010 0.0608218579889
4020 0.0653066998241
4030 0.0637055970841
4040 0.0528153366677
4050 0.0518547395907
4060 0.0489722415326
4070 0.0556991715819
4080 0.058582386067
4090 0.039684193696
4100 0.0518563898611
4110 0.0384034892054
4120 0.043849052736
4130 0.0553806600398
4140 0.0432090555042
4150 0.048974982264
4160 0.0425689878739
4170 0.0425692340897
4180 0.0336006538591
4190 0.0281554515629
4200 0.0412884782211
4210 0.0502575380835
4220 0.0451328174141
4230 0.0249532297249
4240 0.0541019858952
4250 0.0512195102365
4260 0.0422510164041
4270 0.0307199111317
4280 0.0678766056565
4290 0.045455038551
4300 0.0432131069545
4310 0.045775881412
4320 0.0326432351877
4330 0.030401175594
4340 0.0489795835655
4350 0.0528236765427
4360 0.0396911007169
4370 0.0400116333635
4380 0.0300820818427
4390 0.0339259860238
4400 0.040332450446
4410 0.0291216412042
4420 0.0233560788786
4430 0.0300827529332
4440 0.0400126464886
4450 0.0422550737165
4460 0.0518647736392
4470 0.0310446226881
4480 0.0275212861737
4490 0.0185525555462
4500 0.0339276928179
4510 0.0223965043472
4520 0.0387326257088
4530 0.0268811700069
4540 0.0432173361676
4550 0.0316862404949
4560 0.0464208785034
4570 0.0272022493046
4580 0.0467415709675
4590 0.040655869408
4600 0.0204762369197
4610 0.0239997298726
4620 0.0425780738454
4630 0.0387345372984
4640 0.0291252882081
4650 0.0304066609475
4660 0.0345708835587
4670 0.028805375632
4680 0.0297664299412
4690 0.0339306461526
4700 0.0461027847188
4710 0.0291263589316
4720 0.0422593951895
4730 0.0505878341912
4740 0.023681681066
4750 0.0332911953925
4760 0.0124708588453
4770 0.0262443591671
4780 0.0252834964955
4790 0.0400180705053
4800 0.0236822143799
4810 0.0278463697925
4820 0.0268855231206
4830 0.0361747542162
4840 0.0320108384402
4850 0.0265656201442
4860 0.0432220983351
4870 0.0179174477626
4880 0.0307300567926
4890 0.0281676627689
4900 0.0320115477503
4910 0.0201600248498
4920 0.029769503977
4930 0.0329727744976
4940 0.0240040982689
4950 0.0195197456652
4960 0.0243244899391
4970 0.0208010862261
4980 0.0243245823788
4990 0.0137542436008
5000 0.0
5010 0.0
5020 0.0
5030 0.0
5040 0.0
5050 0.0
5060 0.0
5070 0.0
5080 0.0
5090 0.0
5100 0.0
5110 0.0
5120 0.0
5130 0.0
5140 0.0
5150 0.0
5160 0.0
5170 0.0
5180 0.0
5190 0.0
5200 0.0
5210 0.0
5220 0.0
5230 0.0
5240 0.0
5250 0.0
5260 0.0
5270 0.0
5280 0.0
5290 0.0
5300 0.0
5310 0.0
5320 0.0
5330 0.0
5340 0.0
5350 0.0
5360 0.0
5370 0.0
5380 0.0
5390 0.0
5400 0.0
5410 0.0
5420 0.0
5430 0.0
5440 0.0
5450 0.0
5460 0.0
5470 0.0
5480 0.0
5490 0.0
5500 0.0
5510 0.0
5520 0.0
5530 0.0
5540 0.0
5550 0.0
5560 0.0
5570 0.0
5580 0.0
5590 0.0
5600 0.0
5610 0.0
5620 0.0
5630 0.0
5640 0.0
5650 0.0
5660 0.0
5670 0.0
5680 0.0
5690 0.0
5700 0.0
5710 0.0
5720 0.0
5730 0.0
5740 0.0
5750 0.0
5760 0.0
5770 0.0
5780 0.0
5790 0.0
5800 0.0
5810 0.0
5820 0.0
5830 0.0
5840 0.0
5850 0.0
5860 0.0
5870 0.0
5880 0.0
5890 0.0
5900 0.0
5910 0.0
5920 0.0
5930 0.0
5940 0.0
5950 0.0
5960 0.0
5970 0.0
5980 0.0
5990 0.0
6000 0.0
6010 0.0
6020 0.0
6030 0.0
6040 0.0
6050 0.0
6060 0.0
6070 0.0
6080 0.0
6090 0.0
6100 0.0
6110 0.0
6120 0.0
6130 0.0
6140 0.0
6150 0.0
6160 0.0
6170 0.0
6180 0.0
6190 0.0
6200 0.0
6210 0.0
6220 0.0
6230 0.0
6240 0.0
6250 0.0
6260 0.0
6270 0.0
6280 0.0
6290 0.0
6300 0.0
6310 0.0
6320 0.0
6330 0.0
6340 0.0
6350 0.0
6360 0.0
6370 0.0
6380 0.0
6390 0.0
6400 0.0
6410 0.0
6420 0.0
6430 0.0
6440 0.0
6450 0.0
6460 0.0
6470 0.0
6480 0.0
6490 0.0
6500 0.0
6510 0.0
6520 0.0
6530 0.0
6540 0.0
6550 0.0
6560 0.0
6570 0.0
6580 0.0
6590 0.0
6600 0.0
6610 0.0
6620 0.0
6630 0.0
6640 0.0
6650 0.0
6660 0.0
6670 0.0
6680 0.0
6690 0.0
6700 0.0
6710 0.0
6720 0.0
6730 0.0
6740 0.0
6750 0.0
6760 0.0
6770 0.0
6780 0.0
6790 0.0
6800 0.0
6810 0.0
6820 0.0
6830 0.0
6840 0.0
6850 0.0
6860 0.0
6870 0.0
6880 0.0
6890 0.0
6900 0.0
6910 0.0
6920 0.0
6930 0.0
6940 0.0
6950 0.0
6960 0.0
6970 0.0
6980 0.0
6990 0.0
7000 0.0
7010 0.0
7020 0.0
7030 0.0
7040 0.0
7050 0.0
7060 0.0
7070 0.0
7080 0.0
7090 0.0
7100 0.0
7110 0.0
7120 0.0
7130 0.0
7140 0.0
7150 0.0
7160 0.0
7170 0.0
7180 0.0
7190 0.0
7200 0.0
7210 0.0
7220 0.0
7230 0.0
7240 0.0
7250 0.0
7260 0.0
7270 0.0
7280 0.0
7290 0.0
7300 0.0
7310 0.0
7320 0.0
7330 0.0
7340 0.0
7350 0.0
7360 0.0
7370 0.0
7380 0.0
7390 0.0
7400 0.0
7410 0.0
7420 0.0
7430 0.0
7440 0.0
7450 0.0
7460 0.0
7470 0.0
7480 0.0
7490 0.0
7500 0.0
7510 0.0
7520 0.0
7530 0.0
7540 0.0
7550 0.0
7560 0.0
7570 0.0
7580 0.0
7590 0.0
7600 0.0
7610 0.0
7620 0.0
7630 0.0
7640 0.0
7650 0.0
7660 0.0
7670 0.0
7680 0.0
7690 0.0
7700 0.0
7710 0.0
7720 0.0
7730 0.0
7740 0.0
7750 0.0
7760 0.0
7770 0.0
7780 0.0
7790 0.0
7800 0.0
7810 0.0
7820 0.0
7830 0.0
7840 0.0
7850 0.0
7860 0.0
7870 0.0
7880 0.0
7890 0.0
7900 0.0
7910 0.0
7920 0.0
7930 0.0
7940 0.0
7950 0.0
7960 0.0
7970 0.0
7980 0.0
7990 0.0
8000 0.0
8010 0.0
8020 0.0
8030 0.0
8040 0.0
8050 0.0
8060 0.0
8070 0.0
8080 0.0
8090 0.0
8100 0.0
8110 0.0
8120 0.0
8130 0.0
8140 0.0
8150 0.0
8160 0.0
8170 0.0
8180 0.0
8190 0.0
8200 0.0
8210 0.0
8220 0.0
8230 0.0
8240 0.0
8250 0.0
8260 0.0
8270 0.0
8280 0.0
8290 0.0
8300 0.0
8310 0.0
8320 0.0
8330 0.0
8340 0.0
8350 0.0
8360 0.0
8370 0.0
8380 0.0
8390 0.0
8400 0.0
8410 0.0
8420 0.0
8430 0.0
8440 0.0
8450 0.0
8460 0.0
8470 0.0
8480 0.0
8490 0.0
8500 0.0
8510 0.0
8520 0.0
8530 0.0
8540 0.0
8550 0.0
8560 0.0
8570 0.0
8580 0.0
8590 0.0
8600 0.0
8610 0.0
8620 0.0
8630 0.0
8640 0.0
8650 0.0
8660 0.0
8670 0.0
8680 0.0
8690 0.0
8700 0.0
8710 0.0
8720 0.0
8730 0.0
8740 0.0
8750 0.0
8760 0.0
8770 0.0
8780 0.0
8790 0.0
8800 0.0
8810 0.0
8820 0.0
8830 0.0
8840 0.0
8850 0.0
8860 0.0
8870 0.0
8880 0.0
8890 0.0
8900 0.0
8910 0.0
8920 0.0
8930 0.0
8940 0.0
8950 0.0
8960 0.0
8970 0.0
8980 0.0
8990 0.0
9000 0.0
9010 0.0
9020 0.0
9030 0.0
9040 0.0
9050 0.0
9060 0.0
9070 0.0
9080 0.0
9090 0.0
9100 0.0
9110 0.0
9120 0.0
9130 0.0
9140 0.0
9150 0.0
9160 0.0
9170 0.0
9180 0.0
9190 0.0
9200 0.0
9210 0.0
9220 0.0
9230 0.0
9240 0.0
9250 0.0
9260 0.0
9270 0.0
9280 0.0
9290 0.0
9300 0.0
9310 0.0
9320 0.0
9330 0.0
9340 0.0
9350 0.0
9360 0.0
9370 0.0
9380 0.0
9390 0.0
9400 0.0
9410 0.0
9420 0.0
9430 0.0
9440 0.0
9450 0.0
9460 0.0
9470 0.0
9480 0.0
9490 0.0
9500 0.0
9510 0.0
9520 0.0
9530 0.0
9540 0.0
9550 0.0
9560 0.0
9570 0.0
9580 0.0
9590 0.0
9600 0.0
9610 0.0
9620 0.0
9630 0.0
9640 0.0
9650 0.0
9660 0.0
9670 0.0
9680 0.0
9690 0.0
9700 0.0
9710 0.0
9720 0.0
9730 0.0
9740 0.0
9750 0.0
9760 0.0
9770 0.0
9780 0.0
9790 0.0
9800 0.0
9810 0.0
9820 0.0
9830 0.0
9840 0.0
9850 0.0
9860 0.0
9870 0.0
9880 0.0
9890 0.0
9900 0.0
9910 0.0
9920 0.0
9930 0.0
9940 0.0
9950 0.0
9960 0.0
9970 0.0
9980 0.0
9990 0.0
10000 0.0
10010 0.0
10020 0.0
10030 0.0
10040 0.0
10050 0.0
10060 0.0
10070 0.0
10080 0.0
10090 0.0
10100 0.0
10110 0.0
10120 0.0
10130 0.0
10140 0.0
10150 0.0
10160 0.0
10170 0.0
10180 0.0
10190 0.0
10200 0.0
10210 0.0
10220 0.0
10230 0.0
10240 0.0
10250 0.0
10260 0.0
10270 0.0
10280 0.0
10290 0.0
10300 0.0
10310 0.0
10320 0.0
10330 0.0
10340 0.0
10350 0.0
10360 0.0
10370 0.0
10380 0.0
10390 0.0
10400 0.0
10410 0.0
10420 0.0
10430 0.0
10440 0.0
10450 0.0
10460 0.0
10470 0.0
10480 0.0
10490 0.0
10500 0.0
10510 0.0
10520 0.0
10530 0.0
10540 0.0
10550 0.0
10560 0.0
10570 0.0
10580 0.0
10590 0.0
10600 0.0
10610 0.0
10620 0.0
10630 0.0
10640 0.0
10650 0.0
10660 0.0
10670 0.0
10680 0.0
10690 0.0
10700 0.0
10710 0.0
10720 0.0
10730 0.0
10740 0.0
10750 0.0
10760 0.0
10770 0.0
10780 0.0
10790 0.0
10800 0.0
10810 0.0
10820 0.0
10830 0.0
10840 0.0
10850 0.0
10860 0.0
10870 0.0
10880 0.0
10890 0.0
10900 0.0
10910 0.0
10920 0.0
10930 0.0
10940 0.0
10950 0.0
10960 0.0
10970 0.0
10980 0.0
10990 0.0
11000 0.0
11010 0.0
11020 0.0
11030 0.0
11040 0.0
11050 0.0
11060 0.0
11070 0.0
11080 0.0
11090 0.0
11100 0.0
11110 0.0
11120 0.0
11130 0.0
11140 0.0
11150 0.0
11160 0.0
11170 0.0
11180 0.0
11190 0.0
11200 0.0
11210 0.0
11220 0.0
11230 0.0
11240 0.0
11250 0.0
11260 0.0
11270 0.0
11280 0.0
11290 0.0
11300 0.0
11310 0.0
11320 0.0
11330 0.0
11340 0.0
11350 0.0
11360 0.0
11370 0.0
11380 0.0
11390 0.0
11400 0.0
11410 0.0
11420 0.0
11430 0.0
11440 0.0
11450 0.0
11460 0.0
11470 0.0
11480 0.0
11490 0.0
11500 0.0
11510 0.0
11520 0.0
11530 0.0
11540 0.0
11550 0.0
11560 0.0
11570 0.0
11580 0.0
11590 0.0
11600 0.0
11610 0.0
11620 0.0
11630 0.0
11640 0.0
11650 0.0
11660 0.0
11670 0.0
11680 0.0
11690 0.0
11700 0.0
11710 0.0
11720 0.0
11730 0.0
11740 0.0
11750 0.0
11760 0.0
11770 0.0
11780 0.0
11790 0.0
11800 0.0
11810 0.0
11820 0.0
11830 0.0
11840 0.0
11850 0.0
11860 0.0
11870 0.0
11880 0.0
11890 0.0
11900 0.0
11910 0.0
11920 0.0
11930 0.0
11940 0.0
11950 0.0
11960 0.0
11970 0.0
11980 0.0
11990 0.0
