length=1200
0 -0.000317318156984
10 -0.00107461063281
20 0.000407435616951
30 0.000230893714212
40 -0.000605374378152
50 8.68656268348e-05
60 0.000662963880786
70 0.000421381277489
80 0.000388863860497
90 -0.000201167480771
100 6.82954159255e-05
110 0.000579350230964
120 0.000607231698607
130 -0.000424162394109
140 -0.000800488311181
150 0.000235549797424
160 -0.00107925075467
170 -0.00113965884296
180 -3.8580869221e-05
190 0.000523578291601
200 0.000300578082566
210 1.25323924569e-05
220 -0.0006193162282
230 -8.96844956055e-05
240 -6.64556580641e-05
250 -0.000108269841721
260 -0.000377735829508
270 -0.00029875850962
280 -0.00120472109296
290 -0.000414922195332
300 0.000439927845733
310 -0.000131519198348
320 0.000704749887251
330 -0.000103637791041
340 -0.000191911812615
350 0.00117399458903
360 -0.00095848320011
370 -0.00242661192012
380 -0.000628654803487
390 -0.000749455696336
400 -0.00172511198164
410 -0.000391742522838
420 0.000495629376922
430 0.000100728862934
440 -0.000224486396216
450 6.35600550638e-05
460 -6.65258156038e-05
470 4.49762405717e-05
480 0.00032373349047
490 0.000198296165579
500 -0.000763412811536
510 -0.000368514970922
520 -0.000224494304946
530 0.00035160083935
540 0.00105314229869
550 0.00127151231356
560 0.000175081604614
570 -0.000568268111473
580 0.000189015518079
590 0.000379501220203
600 -6.10856078115e-06
610 0.000179729245345
620 -6.65041315422e-05
630 -0.000261634555029
640 0.00120648197698
650 -0.000238395381362
660 -0.000596135655276
670 0.000337693668938
680 -0.000256984129532
690 0.000216899863321
700 0.000890564296723
710 0.000537481247775
720 0.000114705471532
730 -0.00032665831492
740 0.000347000688188
750 0.000240147382007
760 -0.000558953044239
770 -0.000503207267757
780 6.82391451113e-05
790 0.00075583993329
800 -0.000484620273986
810 -0.000405644021592
820 -1.07426071944e-05
830 -0.00114899964602
840 -0.00128838952375
850 -0.000201250875207
860 -0.000103688004987
870 -7.11674133602e-05
880 -0.00020590057666
890 -0.000456783752469
900 -0.000335993701643
910 0.000133243555531
920 -6.18848722068e-05
930 -0.000670504502159
940 -0.000758784186091
950 0.000444508420046
960 0.000662872354843
970 0.0005235005781
980 0.000393419302297
990 -0.000498598525558
1000 -0.000614752172187
1010 -0.000294187992949
1020 -0.000498612583985
1030 0.000504906914821
1040 0.00068145793303
1050 -0.000196619177249
1060 -0.000238434660462
1070 -0.000401045174591
1080 -0.000545073526521
1090 -6.65464645979e-05
1100 -0.000619414781024
1110 -0.000168764141675
1120 0.000862634332407
1130 -0.000187340994251
1140 0.00039340046801
1150 0.00102989909181
1160 9.14281558851e-05
1170 -0.000860989995401
1180 -0.000693744515871
1190 -0.000317429765711
1200 0.000235434717022
1210 0.00102060205595
1220 0.000769731133117
1230 -0.000224493761857
1240 0.000477041942301
1250 0.00112747924151
1260 0.000453828239968
1270 1.2467841649e-05
1280 9.14490602107e-05
1290 0.000844093333715
1300 9.61043544066e-05
1310 -0.000145483911249
1320 -0.000224466457215
1330 0.000175082713943
1340 0.000714014276445
1350 -0.000786619361593
1360 -0.000238405513211
1370 0.00058857061157
1380 -4.79182005631e-05
1390 6.35840412633e-05
1400 0.00027729822355
1410 0.000611809154026
1420 0.00223789659813
1430 0.00248880007489
1440 0.00111362472639
1450 0.00229370630357
1460 0.00290699417688
1470 0.00204752308497
1480 0.00390127625704
1490 0.0153860953772
1500 0.0780600695467
1510 0.323751362386
1520 1.12063991935
1530 2.43596256806
1540 3.74520363967
1550 4.76704663804
1560 5.63386727276
1570 6.37417205056
1580 7.03216320924
1590 7.69752819087
1600 8.32734482821
1610 8.99912905178
1620 9.66195115916
1630 10.3898038789
1640 11.1967817308
1650 12.0915340164
1660 13.1848906822
1670 14.478134973
1680 15.9888862232
1690 17.6815916151
1700 19.5014790619
1710 21.4597608669
1720 23.5843058376
1730 25.7953571424
1740 27.9814459452
1750 30.176845726
1760 32.3789940558
1770 34.5907738388
1780 36.5562533021
1790 38.0255841054
1800 39.2220210074
1810 40.8774815829
1820 43.0525099959
1830 45.1026371934
1840 47.0047992309
1850 48.6715485722
1860 49.9689910991
1870 51.0752183901
1880 52.1016982349
1890 52.9481711697
1900 53.5640255897
1910 53.942212256
1920 54.0961820338
1930 54.0118388132
1940 53.7196101601
1950 53.2707444346
1960 52.6818964641
1970 51.9002128371
1980 50.7828310346
1990 49.2339734491
2000 47.1479317445
2010 44.5272630763
2020 41.647753517
2030 38.8700754303
2040 36.2246597807
2050 33.5590378401
2060 30.8171542416
2070 28.0073364198
2080 25.1673808932
2090 22.4077961157
2100 19.960491117
2110 17.9061884551
2120 16.1718601838
2130 14.7462984668
2140 13.6058030618
2150 12.6558838238
2160 11.829917089
2170 11.1074039208
2180 10.4316495573
2190 9.74499772403
2200 9.05321398643
2210 8.33707937948
2220 7.588265464
2230 6.75488084629
2240 5.76581470046
2250 4.58583079602
2260 3.25496662959
2270 2.16656779672
2280 1.60731885082
2290 1.33442613365
2300 1.18709426039
2310 1.11087089628
2320 1.05802978238
2330 1.03049304369
2340 0.989182474899
2350 0.956520004534
2360 0.888302217221
2370 0.85852157595
2380 0.811443614652
2390 0.75891982405
2400 0.731380096617
2410 0.694550952313
2420 0.668291842614
2430 0.651962242658
2440 0.616093250461
2450 0.594638085231
2460 0.578948379751
2470 0.552047484415
2480 0.552052799624
2490 0.508815558752
2500 0.49408594138
2510 0.484801535725
2520 0.479040504804
2530 0.451497980628
2540 0.437728736158
2550 0.423639038861
2560 0.41467424445
2570 0.408912512743
2580 0.385533385775
2590 0.393544917775
2600 0.3849001378
2610 0.358958248995
2620 0.3531959605
2630 0.346152353485
2640 0.342632143604
2650 0.31989298471
2660 0.312208414442
2670 0.312851963361
2680 0.303565746542
2690 0.296201328307
2700 0.292360304006
2710 0.274105055946
2720 0.276029484994
2730 0.278274248471
2740 0.274433044974
2750 0.276998107682
2760 0.26707090201
2770 0.258424858062
2780 0.253622510478
2790 0.254585789039
2800 0.232806695854
2810 0.247223006089
2820 0.227365730686
2830 0.239539779911
2840 0.230252830307
2850 0.221286103136
2860 0.234421037253
2870 0.21104016632
2880 0.210081127909
2890 0.218090906344
2900 0.222256982014
2910 0.204961978859
2920 0.212651390865
2930 0.205926694308
2940 0.200483191475
2950 0.186391123026
2960 0.195361610356
2970 0.181910121169
2980 0.189278987549
2990 0.18607752493
3000 0.173266573405
3010 0.179674407697
3020 0.182558838454
3030 0.175513525874
3040 0.182562013025
3050 0.153094634329
3060 0.171994561004
3070 0.181285219567
3080 0.171036741885
3090 0.172319510093
3100 0.142852028999
3110 0.162072168505
3120 0.159511064353
3130 0.155348358449
3140 0.146701197723
3150 0.146061831355
3160 0.151508447961
3170 0.151189444822
3180 0.13293278559
3190 0.152473141129
3200 0.129411766243
3210 0.147991140892
3220 0.125250036438
3230 0.139024641034
3240 0.126213219119
3250 0.134222159171
3260 0.138707711689
3270 0.140951102394
3280 0.111803622936
3290 0.121734310373
3300 0.12269627056
3310 0.134228642946
3320 0.12013591211
3330 0.124941639061
3340 0.112770706809
3350 0.117896675391
3360 0.115335129648
3370 0.112773558304
3380 0.107329124289
3390 0.111173777552
3400 0.111495001682
3410 0.106691185327
3420 0.110856147421
3430 0.106692955127
3440 0.108295395378
3450 0.107975960248
3460 0.0948439127083
3470 0.102211908706
3480 0.0942048472516
3490 0.118549544052
3500 0.097089406124
3510 0.0945276523843
3520 0.105098797485
3530 0.107662167427
3540 0.0938894862269
3550 0.0961324289412
3560 0.0887659371483
3570 0.0673055016268
3580 0.101259386539
3590 0.0932523154848
3600 0.0970968279504
3610 0.100300748355
3620 0.0938952438515
3630 0.0900521971915
3640 0.0826856445997
3650 0.0935769865325
3660 0.0782025883843
3670 0.0772422219996
3680 0.0900554009149
3690 0.0852513701649
3700 0.0865332807903
3710 0.090057410827
3720 0.0817299125445
3730 0.0775664290567
3740 0.0612309252211
3750 0.0775674116722
3760 0.0849352348735
3770 0.0865374575292
3780 0.0842959134217
3790 0.0826949773752
3800 0.0734064598035
3810 0.0650787951244
3820 0.062196406161
3830 0.0657202930027
3840 0.0746895739575
3850 0.0810964226687
3860 0.0708469434066
3870 0.0849413192441
3880 0.0734106174603
3890 0.0682861050834
3900 0.0689272156518
3910 0.0705292783107
3920 0.0714907265088
3930 0.0750147061485
3940 0.0516322416483
3950 0.0823828174616
3960 0.0721333509992
3970 0.0650869344412
3980 0.0641264368591
3990 0.0513142661587
4000 0.0381816522307
4010 0.0663695718049
4020 0.0714950763968
4030 0.0705346428133
4040 0.0484333944349
4050 0.0875121342348
4060 0.0647704249923
4070 0.0535598368429
4080 0.050997647912
4090 0.0509979552234
4100 0.0631702412835
4110 0.057084680818
4120 0.0577256793886
4130 0.0503588036034
4140 0.037866810536
4150 0.058687476615
4160 0.0596488064155
4170 0.0593288848948
4180 0.0471572966558
4190 0.0423528371145
4200 0.0356264381929
4210 0.0372281680587
4220 0.0484393708309
4230 0.0224941188943
4240 0.0567678710461
4250 0.0609323339492
4260 0.0660577841422
4270 0.0506831107994
4280 0.0654179155014
4290 0.034988419938
4300 0.0519652744548
4310 0.0445983410707
4320 0.0545283565205
4330 0.044598926894
4340 0.0606149317182
4350 0.0542090304229
4360 0.0494046412802
4370 0.0417173670663
4380 0.0349909617448
4390 0.0356317395199
4400 0.0567726984296
4410 0.0381947799864
4420 0.0567732426537
4430 0.0237811388503
4440 0.0359531529159
4450 0.0369142555211
4460 0.0407582047981
4470 0.0433209315534
4480 0.0381961183826
4490 0.0490870155244
4500 0.0567748691616
4510 0.0407594725603
4520 0.0407596774737
4530 0.0176971858107
4540 0.0404395416752
4550 0.0410803738491
4560 0.0381977448904
4570 0.0375572937439
4580 0.0478075540254
4590 0.0420421551932
4600 0.0426830033668
4610 0.0404410208682
4620 0.0455662662654
4630 0.0250663444432
4640 0.0295508057831
4650 0.0385197251452
4660 0.036918331508
4670 0.0276293563456
4680 0.034996680357
4690 0.0526141653342
4700 0.0500519668033
4710 0.0269895679383
4720 0.0516539079822
4730 0.0468494932399
4740 0.0436466066497
4750 0.024748241779
4760 0.0301936456096
4770 0.0205842880184
4780 0.0468501402147
4790 0.0356393728689
4800 0.0433270921088
4810 0.0180224194336
4820 0.0305146911307
4830 0.0378820439414
4840 0.052616720646
4850 0.0404450652082
4860 0.0433281039937
4870 0.0250703663835
4880 0.0279532515722
4890 0.035961209244
4900 0.0366019966188
4910 0.0177035613496
4920 0.0285942536955
4930 0.0273130760905
4940 0.0177036896999
4950 0.0305162734272
4960 0.0196256581149
4970 0.0359617285744
4980 0.0257117981214
4990 0.0196258632636
5000 0.0
5010 0.0
5020 0.0
5030 0.0
5040 0.0
5050 0.0
5060 0.0
5070 0.0
5080 0.0
5090 0.0
5100 0.0
5110 0.0
5120 0.0
5130 0.0
5140 0.0
5150 0.0
5160 0.0
5170 0.0
5180 0.0
5190 0.0
5200 0.0
5210 0.0
5220 0.0
5230 0.0
5240 0.0
5250 0.0
5260 0.0
5270 0.0
5280 0.0
5290 0.0
5300 0.0
5310 0.0
5320 0.0
5330 0.0
5340 0.0
5350 0.0
5360 0.0
5370 0.0
5380 0.0
5390 0.0
5400 0.0
5410 0.0
5420 0.0
5430 0.0
5440 0.0
5450 0.0
5460 0.0
5470 0.0
5480 0.0
5490 0.0
5500 0.0
5510 0.0
5520 0.0
5530 0.0
5540 0.0
5550 0.0
5560 0.0
5570 0.0
5580 0.0
5590 0.0
5600 0.0
5610 0.0
5620 0.0
5630 0.0
5640 0.0
5650 0.0
5660 0.0
5670 0.0
5680 0.0
5690 0.0
5700 0.0
5710 0.0
5720 0.0
5730 0.0
5740 0.0
5750 0.0
5760 0.0
5770 0.0
5780 0.0
5790 0.0
5800 0.0
5810 0.0
5820 0.0
5830 0.0
5840 0.0
5850 0.0
5860 0.0
5870 0.0
5880 0.0
5890 0.0
5900 0.0
5910 0.0
5920 0.0
5930 0.0
5940 0.0
5950 0.0
5960 0.0
5970 0.0
5980 0.0
5990 0.0
6000 0.0
6010 0.0
6020 0.0
6030 0.0
6040 0.0
6050 0.0
6060 0.0
6070 0.0
6080 0.0
6090 0.0
6100 0.0
6110 0.0
6120 0.0
6130 0.0
6140 0.0
6150 0.0
6160 0.0
6170 0.0
6180 0.0
6190 0.0
6200 0.0
6210 0.0
6220 0.0
6230 0.0
6240 0.0
6250 0.0
6260 0.0
6270 0.0
6280 0.0
6290 0.0
6300 0.0
6310 0.0
6320 0.0
6330 0.0
6340 0.0
6350 0.0
6360 0.0
6370 0.0
6380 0.0
6390 0.0
6400 0.0
6410 0.0
6420 0.0
6430 0.0
6440 0.0
6450 0.0
6460 0.0
6470 0.0
6480 0.0
6490 0.0
6500 0.0
6510 0.0
6520 0.0
6530 0.0
6540 0.0
6550 0.0
6560 0.0
6570 0.0
6580 0.0
6590 0.0
6600 0.0
6610 0.0
6620 0.0
6630 0.0
6640 0.0
6650 0.0
6660 0.0
6670 0.0
6680 0.0
6690 0.0
6700 0.0
6710 0.0
6720 0.0
6730 0.0
6740 0.0
6750 0.0
6760 0.0
6770 0.0
6780 0.0
6790 0.0
6800 0.0
6810 0.0
6820 0.0
6830 0.0
6840 0.0
6850 0.0
6860 0.0
6870 0.0
6880 0.0
6890 0.0
6900 0.0
6910 0.0
6920 0.0
6930 0.0
6940 0.0
6950 0.0
6960 0.0
6970 0.0
6980 0.0
6990 0.0
7000 0.0
7010 0.0
7020 0.0
7030 0.0
7040 0.0
7050 0.0
7060 0.0
7070 0.0
7080 0.0
7090 0.0
7100 0.0
7110 0.0
7120 0.0
7130 0.0
7140 0.0
7150 0.0
7160 0.0
7170 0.0
7180 0.0
7190 0.0
7200 0.0
7210 0.0
7220 0.0
7230 0.0
7240 0.0
7250 0.0
7260 0.0
7270 0.0
7280 0.0
7290 0.0
7300 0.0
7310 0.0
7320 0.0
7330 0.0
7340 0.0
7350 0.0
7360 0.0
7370 0.0
7380 0.0
7390 0.0
7400 0.0
7410 0.0
7420 0.0
7430 0.0
7440 0.0
7450 0.0
7460 0.0
7470 0.0
7480 0.0
7490 0.0
7500 0.0
7510 0.0
7520 0.0
7530 0.0
7540 0.0
7550 0.0
7560 0.0
7570 0.0
7580 0.0
7590 0.0
7600 0.0
7610 0.0
7620 0.0
7630 0.0
7640 0.0
7650 0.0
7660 0.0
7670 0.0
7680 0.0
7690 0.0
7700 0.0
7710 0.0
7720 0.0
7730 0.0
7740 0.0
7750 0.0
7760 0.0
7770 0.0
7780 0.0
7790 0.0
7800 0.0
7810 0.0
7820 0.0
7830 0.0
7840 0.0
7850 0.0
7860 0.0
7870 0.0
7880 0.0
7890 0.0
7900 0.0
7910 0.0
7920 0.0
7930 0.0
7940 0.0
7950 0.0
7960 0.0
7970 0.0
7980 0.0
7990 0.0
8000 0.0
8010 0.0
8020 0.0
8030 0.0
8040 0.0
8050 0.0
8060 0.0
8070 0.0
8080 0.0
8090 0.0
8100 0.0
8110 0.0
8120 0.0
8130 0.0
8140 0.0
8150 0.0
8160 0.0
8170 0.0
8180 0.0
8190 0.0
8200 0.0
8210 0.0
8220 0.0
8230 0.0
8240 0.0
8250 0.0
8260 0.0
8270 0.0
8280 0.0
8290 0.0
8300 0.0
8310 0.0
8320 0.0
8330 0.0
8340 0.0
8350 0.0
8360 0.0
8370 0.0
8380 0.0
8390 0.0
8400 0.0
8410 0.0
8420 0.0
8430 0.0
8440 0.0
8450 0.0
8460 0.0
8470 0.0
8480 0.0
8490 0.0
8500 0.0
8510 0.0
8520 0.0
8530 0.0
8540 0.0
8550 0.0
8560 0.0
8570 0.0
8580 0.0
8590 0.0
8600 0.0
8610 0.0
8620 0.0
8630 0.0
8640 0.0
8650 0.0
8660 0.0
8670 0.0
8680 0.0
8690 0.0
8700 0.0
8710 0.0
8720 0.0
8730 0.0
8740 0.0
8750 0.0
8760 0.0
8770 0.0
8780 0.0
8790 0.0
8800 0.0
8810 0.0
8820 0.0
8830 0.0
8840 0.0
8850 0.0
8860 0.0
8870 0.0
8880 0.0
8890 0.0
8900 0.0
8910 0.0
8920 0.0
8930 0.0
8940 0.0
8950 0.0
8960 0.0
8970 0.0
8980 0.0
8990 0.0
9000 0.0
9010 0.0
9020 0.0
9030 0.0
9040 0.0
9050 0.0
9060 0.0
9070 0.0
9080 0.0
9090 0.0
9100 0.0
9110 0.0
9120 0.0
9130 0.0
9140 0.0
9150 0.0
9160 0.0
9170 0.0
9180 0.0
9190 0.0
9200 0.0
9210 0.0
9220 0.0
9230 0.0
9240 0.0
9250 0.0
9260 0.0
9270 0.0
9280 0.0
9290 0.0
9300 0.0
9310 0.0
9320 0.0
9330 0.0
9340 0.0
9350 0.0
9360 0.0
9370 0.0
9380 0.0
9390 0.0
9400 0.0
9410 0.0
9420 0.0
9430 0.0
9440 0.0
9450 0.0
9460 0.0
9470 0.0
9480 0.0
9490 0.0
9500 0.0
9510 0.0
9520 0.0
9530 0.0
9540 0.0
9550 0.0
9560 0.0
9570 0.0
9580 0.0
9590 0.0
9600 0.0
9610 0.0
9620 0.0
9630 0.0
9640 0.0
9650 0.0
9660 0.0
9670 0.0
9680 0.0
9690 0.0
9700 0.0
9710 0.0
9720 0.0
9730 0.0
9740 0.0
9750 0.0
9760 0.0
9770 0.0
9780 0.0
9790 0.0
9800 0.0
9810 0.0
9820 0.0
9830 0.0
9840 0.0
9850 0.0
9860 0.0
9870 0.0
9880 0.0
9890 0.0
9900 0.0
9910 0.0
9920 0.0
9930 0.0
9940 0.0
9950 0.0
9960 0.0
9970 0.0
9980 0.0
9990 0.0
10000 0.0
10010 0.0
10020 0.0
10030 0.0
10040 0.0
10050 0.0
10060 0.0
10070 0.0
10080 0.0
10090 0.0
10100 0.0
10110 0.0
10120 0.0
10130 0.0
10140 0.0
10150 0.0
10160 0.0
10170 0.0
10180 0.0
10190 0.0
10200 0.0
10210 0.0
10220 0.0
10230 0.0
10240 0.0
10250 0.0
10260 0.0
10270 0.0
10280 0.0
10290 0.0
10300 0.0
10310 0.0
10320 0.0
10330 0.0
10340 0.0
10350 0.0
10360 0.0
10370 0.0
10380 0.0
10390 0.0
10400 0.0
10410 0.0
10420 0.0
10430 0.0
10440 0.0
10450 0.0
10460 0.0
10470 0.0
10480 0.0
10490 0.0
10500 0.0
10510 0.0
10520 0.0
10530 0.0
10540 0.0
10550 0.0
10560 0.0
10570 0.0
10580 0.0
10590 0.0
10600 0.0
10610 0.0
10620 0.0
10630 0.0
10640 0.0
10650 0.0
10660 0.0
10670 0.0
10680 0.0
10690 0.0
10700 0.0
10710 0.0
10720 0.0
10730 0.0
10740 0.0
10750 0.0
10760 0.0
10770 0.0
10780 0.0
10790 0.0
10800 0.0
10810 0.0
10820 0.0
10830 0.0
10840 0.0
10850 0.0
10860 0.0
10870 0.0
10880 0.0
10890 0.0
10900 0.0
10910 0.0
10920 0.0
10930 0.0
10940 0.0
10950 0.0
10960 0.0
10970 0.0
10980 0.0
10990 0.0
11000 0.0
11010 0.0
11020 0.0
11030 0.0
11040 0.0
11050 0.0
11060 0.0
11070 0.0
11080 0.0
11090 0.0
11100 0.0
11110 0.0
11120 0.0
11130 0.0
11140 0.0
11150 0.0
11160 0.0
11170 0.0
11180 0.0
11190 0.0
11200 0.0
11210 0.0
11220 0.0
11230 0.0
11240 0.0
11250 0.0
11260 0.0
11270 0.0
11280 0.0
11290 0.0
11300 0.0
11310 0.0
11320 0.0
11330 0.0
11340 0.0
11350 0.0
11360 0.0
11370 0.0
11380 0.0
11390 0.0
11400 0.0
11410 0.0
11420 0.0
11430 0.0
11440 0.0
11450 0.0
11460 0.0
11470 0.0
11480 0.0
11490 0.0
11500 0.0
11510 0.0
11520 0.0
11530 0.0
11540 0.0
11550 0.0
11560 0.0
11570 0.0
11580 0.0
11590 0.0
11600 0.0
11610 0.0
11620 0.0
11630 0.0
11640 0.0
11650 0.0
11660 0.0
11670 0.0
11680 0.0
11690 0.0
11700 0.0
11710 0.0
11720 0.0
11730 0.0
11740 0.0
11750 0.0
11760 0.0
11770 0.0
11780 0.0
11790 0.0
11800 0.0
11810 0.0
11820 0.0
11830 0.0
11840 0.0
11850 0.0
11860 0.0
11870 0.0
11880 0.0
11890 0.0
11900 0.0
11910 0.0
11920 0.0
11930 0.0
11940 0.0
11950 0.0
11960 0.0
11970 0.0
11980 0.0
11990 0.0
