length=1200
0 0.000458554935495
10 0.000746608209453
20 0.000165872335291
30 0.00044463079192
40 -6.02159254791e-06
50 -0.000526367678979
60 -0.000702918910685
70 -0.000582131319738
80 0.000151922437267
90 -0.000150062578036
100 -0.000651826316617
110 0.000165853784104
120 0.000421382507426
130 -0.000345194482092
140 -5.71492375446e-05
150 0.00057469893755
160 0.000384220865686
170 -0.000888764681243
180 0.000124042812212
190 0.000783768477374
200 0.000184449187868
210 0.000203034817102
220 -0.000247619980831
230 -9.89521614622e-05
240 -0.000187226136624
250 0.000244845032466
260 0.000811652971128
270 -0.000410222892548
280 0.000165870395236
290 0.000560777518404
300 0.000342423627333
310 -0.000414862257879
320 -0.00029407178934
330 0.00074661732492
340 -0.000196502388843
350 -0.00108388016446
360 0.000119409192781
370 6.3659025651e-05
380 -0.00108853511056
390 6.82947336542e-05
400 0.000769833361817
410 -5.71374533431e-05
420 -0.000317311037267
430 0.000175156138865
440 -0.000452044910683
450 -0.000805141372925
460 -0.000549622349873
470 0.000556107464946
480 0.000625802220478
490 8.68786595388e-05
500 -0.000173293485589
510 0.000137983209538
520 -8.50208517569e-05
530 -0.000675056927128
540 0.000551466247746
550 0.00138309620936
560 0.000268082827671
570 -0.000698271399915
580 -0.000777259469002
590 4.04193785741e-05
600 0.000147276555581
610 0.000244842906759
620 0.000100821006204
630 7.75922800531e-05
640 -0.000754031397272
650 0.000175150402246
660 0.000830230631286
670 -0.000103596353723
680 0.000165867517642
690 7.75961880085e-05
700 -0.000833008582563
710 0.000374929227631
720 0.000779130332697
730 -0.000433453962547
740 -0.000465979919489
750 8.6883078034e-05
760 -0.000517089120049
770 -0.00119540249838
780 -0.000977054947292
790 3.57516643205e-05
800 -0.000205837204702
810 -0.000196547367464
820 0.000277337228754
830 -0.000410260106313
840 -0.000400972311238
850 0.000110077816111
860 0.000481754649018
870 0.000672243275147
880 -0.000136144728034
890 -0.00028946232776
900 -0.000168670606075
910 5.89790955575e-05
920 0.000653660857679
930 4.96943219545e-05
940 0.000179781325095
950 0.00132733194667
960 0.000295945047938
970 -0.000219752075
980 0.000867397248479
990 4.97193013105e-05
1000 -0.000112888335227
1010 -0.000475273302659
1020 -0.00126508898315
1030 -0.000126844689268
1040 0.000114743270064
1050 -0.000582147582773
1060 -0.000187247932062
1070 -0.000702949881929
1080 -0.000154735198118
1090 0.000426006589031
1100 -0.000294110887458
1110 -0.000642559825003
1120 -7.11148045186e-05
1130 0.000923117070939
1140 0.000551450560233
1150 -0.000331273796265
1160 -0.000173314919003
1170 -0.000438135609908
1180 -0.000577518386479
1190 -0.00143702428797
1200 -1.53789650098e-05
1210 0.000226210108229
1220 -0.000503201257332
1230 -0.000150114337557
1240 -0.000888821355876
1250 -0.000898122127963
1260 -8.04444871179e-05
1270 0.000611800762513
1280 0.000407385221968
1290 -0.00112112715928
1300 -0.000150135506419
1310 0.000546754993682
1320 -0.000345261302552
1330 -0.000131551204589
1340 0.000110036708331
1350 -0.000781983950704
1360 -0.000912078268497
1370 -0.000438200819845
1380 0.000490984135742
1390 0.000114667361987
1400 -0.000707664050712
1410 -0.00122337119881
1420 -0.00157182941891
1430 -0.00126985858735
1440 -0.00116301449874
1450 -0.00127452883574
1460 -0.00119556047351
1470 -0.00187852657477
1480 -0.000749580300691
1490 -0.000638085067193
1500 -0.00183674567835
1510 -0.000498731386786
1520 0.000216739419005
1530 -0.000633466652581
1540 -0.000995856818241
1550 -0.000995866764496
1560 -0.000447655004688
1570 0.00243747340259
1580 0.0257322743164
1590 0.138020416246
1600 0.493533601424
1610 1.36480300461
1620 2.93133687508
1630 5.00370237338
1640 7.22033375272
1650 9.43858885174
1660 11.600810945
1670 13.7659374749
1680 15.9282027961
1690 18.1452636212
1700 20.3677919519
1710 22.5938659513
1720 24.8100324149
1730 27.06017443
1740 29.2690182568
1750 31.4407275804
1760 33.5314188431
1770 35.5052159295
1780 37.3521878995
1790 39.0518333112
1800 40.7028077836
1810 42.2807668728
1820 43.5999270155
1830 44.642988604
1840 45.4272459022
1850 45.8992036811
1860 46.2910873628
1870 46.5980914188
1880 46.7407768241
1890 46.5983830952
1900 46.1215788387
1910 45.3769862819
1920 44.2979771817
1930 42.8717355881
1940 41.1210004138
1950 39.0637060701
1960 36.7129824192
1970 34.227702884
1980 31.7244608645
1990 29.1907638874
2000 26.6528774977
2010 24.125215839
2020 21.4876608025
2030 18.9359238963
2040 16.585639776
2050 14.5482801545
2060 12.7617070036
2070 11.1320704662
2080 9.53508980098
2090 7.81092803453
2100 5.86829405583
2110 3.94357832242
2120 2.51789448932
2130 1.85038256326
2140 1.53937481978
2150 1.37346676847
2160 1.27226073609
2170 1.21397593338
2180 1.14351856954
2190 1.08715437185
2200 1.0301489805
2210 0.967697660652
2220 0.905566032048
2230 0.852402609102
2240 0.78770730668
2250 0.746074054447
2260 0.709565429907
2270 0.683947158402
2280 0.652242641528
2290 0.631108210458
2300 0.584668665004
2310 0.575705537497
2320 0.546562460887
2330 0.523184767227
2340 0.510377242569
2350 0.478991306561
2360 0.471308383997
2370 0.450172144964
2380 0.431598216577
2390 0.430000809797
2400 0.407582897052
2410 0.393813271527
2420 0.374918464722
2430 0.389336253065
2440 0.374605499454
2450 0.349944826508
2460 0.343541875291
2470 0.326888772708
2480 0.316321493103
2490 0.294543074841
2500 0.312483527533
2510 0.299033266858
2520 0.293590752542
2530 0.277257466
2540 0.282705451916
2550 0.269254893647
2560 0.257726092363
2570 0.251642534795
2580 0.252285536263
2590 0.246842554757
2600 0.234352583786
2610 0.236596988609
2620 0.231794480766
2630 0.217702783248
2640 0.222189228285
2650 0.232441392266
2660 0.20841992901
2670 0.209062498487
2680 0.192728367162
2690 0.195612986454
2700 0.190169438559
2710 0.192733717021
2720 0.184727618484
2730 0.180244907482
2740 0.190176337042
2750 0.176724853992
2760 0.167437334538
2770 0.191782821461
2780 0.157831179676
2790 0.185059407672
2800 0.169045351582
2810 0.176414147301
2820 0.15687653728
2830 0.164885841863
2840 0.146629377565
2850 0.150154166527
2860 0.170015067429
2870 0.155282121863
2880 0.151760062157
2890 0.140230086497
2900 0.134465669783
2910 0.143756011291
2920 0.149202662834
2930 0.1315866722
2940 0.136072256455
2950 0.145682929193
2960 0.137996675497
2970 0.12678687747
2980 0.129350522344
2990 0.125507888214
3000 0.119423009073
3010 0.111736492982
3020 0.119745346374
3030 0.128074594994
3040 0.121669426222
3050 0.119748606675
3060 0.106296419639
3070 0.118789631855
3080 0.100212391537
3090 0.102455455587
3100 0.108542324799
3110 0.11398862435
3120 0.105020792939
3130 0.11014674206
3140 0.0979757199472
3150 0.10374222913
3160 0.0995790237748
3170 0.09509546159
3180 0.103424463815
3190 0.0989409400298
3200 0.0902932734522
3210 0.0941378144553
3220 0.0918964044833
3230 0.0983034833279
3240 0.0829291905156
3250 0.0880549188411
3260 0.104071416193
3270 0.0810096154543
3280 0.0902994225732
3290 0.0935033331158
3300 0.0909416015136
3310 0.0842157463189
3320 0.0880602265232
3330 0.0854984405222
3340 0.0893429335262
3350 0.0649997246693
3360 0.0855004048494
3370 0.0806963866373
3380 0.0922283971677
3390 0.0669242714195
3400 0.0723701549785
3410 0.0739723101736
3420 0.07781668798
3430 0.0797392128042
3440 0.0624428430142
3450 0.0643652142416
3460 0.0726939092732
3470 0.072694491517
3480 0.0682106605377
3490 0.0726956112057
3500 0.0678914649961
3510 0.0726967276944
3520 0.0759004622405
3530 0.0800651744766
3540 0.0570031337425
3550 0.0739802663917
3560 0.0701370786725
3570 0.0544421890356
3580 0.0496378604298
3590 0.0717399631642
3600 0.048998154462
3610 0.0678970984942
3620 0.0711007850413
3630 0.0566871659251
3640 0.0618126318559
3650 0.0682194099065
3660 0.0547667076816
3670 0.067259404708
3680 0.0470800730485
3690 0.0659789978811
3700 0.0566903712496
3710 0.0506048041223
3720 0.0438785457359
3730 0.0573320796552
3740 0.0643794433672
3750 0.0512470179733
3760 0.0634193645702
3770 0.0522088209579
3780 0.0493263613338
3790 0.062779949652
3800 0.0413193122725
3810 0.0502884073691
3820 0.057976331143
3830 0.0467657331317
3840 0.0419613277274
3850 0.0345943524823
3860 0.0525322068267
3870 0.0602201530001
3880 0.0518924144604
3890 0.0611819303851
3900 0.0381197008547
3910 0.0461278182613
3920 0.0374796236944
3930 0.0413236367081
3940 0.0454880033513
3950 0.0397226394565
3960 0.0467698271721
3970 0.0384419542352
3980 0.0451688139208
3990 0.0426065991284
4000 0.0470912938015
4010 0.043568152518
4020 0.0410059217259
4030 0.0458109156296
4040 0.0435690224672
4050 0.046452150589
4060 0.0387649049126
4070 0.0333197890494
4080 0.04549195645
4090 0.0426094296272
4100 0.0384456130841
4110 0.0313989178699
4120 0.0365241310058
4130 0.0483760151754
4140 0.0378059516265
4150 0.0349233480053
4160 0.0397282811103
4170 0.042931686063
4180 0.0346037747269
4190 0.0365258675598
4200 0.0384479795923
4210 0.0333231757594
4220 0.0448547126995
4230 0.0464565927
4240 0.0429334450166
4250 0.0278789138456
4260 0.0547855274377
4270 0.0195512551599
4280 0.0378092743376
4290 0.0429345514721
4300 0.0349269553662
4310 0.0413334646222
4320 0.0435759398839
4330 0.033005828336
4340 0.0400529488529
4350 0.0390922590126
4360 0.0483816469398
4370 0.0355693767793
4380 0.0269210766144
4390 0.0307649840303
4400 0.0371714516871
4410 0.0400545158101
4420 0.0362109888978
4430 0.0374924672698
4440 0.0455005782764
4450 0.0253210290213
4460 0.0448603667186
4470 0.0298058547472
4480 0.0426186174088
4490 0.0403766922471
4500 0.0390956903764
4510 0.0400568823176
4520 0.0217991700449
4530 0.0256430262618
4540 0.0336510188709
4550 0.023080808125
4560 0.0320497208253
4570 0.0221201245402
4580 0.0336515494825
4590 0.0423002525503
4600 0.0362145414258
4610 0.0298084542724
4620 0.0317304991062
4630 0.0349338240605
4640 0.0214807890423
4650 0.0266059029802
4660 0.0301294919658
4670 0.0371765836832
4680 0.0253251472157
4690 0.029489353862
4700 0.0237238299704
4710 0.0259661292357
4720 0.037177277347
4730 0.0397400262397
4740 0.0202010498461
4750 0.0397403363445
4760 0.0346155453112
4770 0.0250062898558
4780 0.0291704933022
4790 0.0202018139084
4800 0.0294910130394
4810 0.0358974678965
4820 0.0298116927733
4830 0.030132161456
4840 0.0349370465618
4850 0.0189214897017
4860 0.0397420243212
4870 0.0163592651649
4880 0.0381407198757
4890 0.00482817258257
4900 0.0150781638075
4910 0.0173203766746
4920 0.0157188291785
4930 0.0346174404173
4940 0.0262894458828
4950 0.0262895641359
4960 0.0352585088355
4970 0.0144382267219
4980 0.0208445311821
4990 0.0282118453316
5000 0.0
5010 0.0
5020 0.0
5030 0.0
5040 0.0
5050 0.0
5060 0.0
5070 0.0
5080 0.0
5090 0.0
5100 0.0
5110 0.0
5120 0.0
5130 0.0
5140 0.0
5150 0.0
5160 0.0
5170 0.0
5180 0.0
5190 0.0
5200 0.0
5210 0.0
5220 0.0
5230 0.0
5240 0.0
5250 0.0
5260 0.0
5270 0.0
5280 0.0
5290 0.0
5300 0.0
5310 0.0
5320 0.0
5330 0.0
5340 0.0
5350 0.0
5360 0.0
5370 0.0
5380 0.0
5390 0.0
5400 0.0
5410 0.0
5420 0.0
5430 0.0
5440 0.0
5450 0.0
5460 0.0
5470 0.0
5480 0.0
5490 0.0
5500 0.0
5510 0.0
5520 0.0
5530 0.0
5540 0.0
5550 0.0
5560 0.0
5570 0.0
5580 0.0
5590 0.0
5600 0.0
5610 0.0
5620 0.0
5630 0.0
5640 0.0
5650 0.0
5660 0.0
5670 0.0
5680 0.0
5690 0.0
5700 0.0
5710 0.0
5720 0.0
5730 0.0
5740 0.0
5750 0.0
5760 0.0
5770 0.0
5780 0.0
5790 0.0
5800 0.0
5810 0.0
5820 0.0
5830 0.0
5840 0.0
5850 0.0
5860 0.0
5870 0.0
5880 0.0
5890 0.0
5900 0.0
5910 0.0
5920 0.0
5930 0.0
5940 0.0
5950 0.0
5960 0.0
5970 0.0
5980 0.0
5990 0.0
6000 0.0
6010 0.0
6020 0.0
6030 0.0
6040 0.0
6050 0.0
6060 0.0
6070 0.0
6080 0.0
6090 0.0
6100 0.0
6110 0.0
6120 0.0
6130 0.0
6140 0.0
6150 0.0
6160 0.0
6170 0.0
6180 0.0
6190 0.0
6200 0.0
6210 0.0
6220 0.0
6230 0.0
6240 0.0
6250 0.0
6260 0.0
6270 0.0
6280 0.0
6290 0.0
6300 0.0
6310 0.0
6320 0.0
6330 0.0
6340 0.0
6350 0.0
6360 0.0
6370 0.0
6380 0.0
6390 0.0
6400 0.0
6410 0.0
6420 0.0
6430 0.0
6440 0.0
6450 0.0
6460 0.0
6470 0.0
6480 0.0
6490 0.0
6500 0.0
6510 0.0
6520 0.0
6530 0.0
6540 0.0
6550 0.0
6560 0.0
6570 0.0
6580 0.0
6590 0.0
6600 0.0
6610 0.0
6620 0.0
6630 0.0
6640 0.0
6650 0.0
6660 0.0
6670 0.0
6680 0.0
6690 0.0
6700 0.0
6710 0.0
6720 0.0
6730 0.0
6740 0.0
6750 0.0
6760 0.0
6770 0.0
6780 0.0
6790 0.0
6800 0.0
6810 0.0
6820 0.0
6830 0.0
6840 0.0
6850 0.0
6860 0.0
6870 0.0
6880 0.0
6890 0.0
6900 0.0
6910 0.0
6920 0.0
6930 0.0
6940 0.0
6950 0.0
6960 0.0
6970 0.0
6980 0.0
6990 0.0
7000 0.0
7010 0.0
7020 0.0
7030 0.0
7040 0.0
7050 0.0
7060 0.0
7070 0.0
7080 0.0
7090 0.0
7100 0.0
7110 0.0
7120 0.0
7130 0.0
7140 0.0
7150 0.0
7160 0.0
7170 0.0
7180 0.0
7190 0.0
7200 0.0
7210 0.0
7220 0.0
7230 0.0
7240 0.0
7250 0.0
7260 0.0
7270 0.0
7280 0.0
7290 0.0
7300 0.0
7310 0.0
7320 0.0
7330 0.0
7340 0.0
7350 0.0
7360 0.0
7370 0.0
7380 0.0
7390 0.0
7400 0.0
7410 0.0
7420 0.0
7430 0.0
7440 0.0
7450 0.0
7460 0.0
7470 0.0
7480 0.0
7490 0.0
7500 0.0
7510 0.0
7520 0.0
7530 0.0
7540 0.0
7550 0.0
7560 0.0
7570 0.0
7580 0.0
7590 0.0
7600 0.0
7610 0.0
7620 0.0
7630 0.0
7640 0.0
7650 0.0
7660 0.0
7670 0.0
7680 0.0
7690 0.0
7700 0.0
7710 0.0
7720 0.0
7730 0.0
7740 0.0
7750 0.0
7760 0.0
7770 0.0
7780 0.0
7790 0.0
7800 0.0
7810 0.0
7820 0.0
7830 0.0
7840 0.0
7850 0.0
7860 0.0
7870 0.0
7880 0.0
7890 0.0
7900 0.0
7910 0.0
7920 0.0
7930 0.0
7940 0.0
7950 0.0
7960 0.0
7970 0.0
7980 0.0
7990 0.0
8000 0.0
8010 0.0
8020 0.0
8030 0.0
8040 0.0
8050 0.0
8060 0.0
8070 0.0
8080 0.0
8090 0.0
8100 0.0
8110 0.0
8120 0.0
8130 0.0
8140 0.0
8150 0.0
8160 0.0
8170 0.0
8180 0.0
8190 0.0
8200 0.0
8210 0.0
8220 0.0
8230 0.0
8240 0.0
8250 0.0
8260 0.0
8270 0.0
8280 0.0
8290 0.0
8300 0.0
8310 0.0
8320 0.0
8330 0.0
8340 0.0
8350 0.0
8360 0.0
8370 0.0
8380 0.0
8390 0.0
8400 0.0
8410 0.0
8420 0.0
8430 0.0
8440 0.0
8450 0.0
8460 0.0
8470 0.0
8480 0.0
8490 0.0
8500 0.0
8510 0.0
8520 0.0
8530 0.0
8540 0.0
8550 0.0
8560 0.0
8570 0.0
8580 0.0
8590 0.0
8600 0.0
8610 0.0
8620 0.0
8630 0.0
8640 0.0
8650 0.0
8660 0.0
8670 0.0
8680 0.0
8690 0.0
8700 0.0
8710 0.0
8720 0.0
8730 0.0
8740 0.0
8750 0.0
8760 0.0
8770 0.0
8780 0.0
8790 0.0
8800 0.0
8810 0.0
8820 0.0
8830 0.0
8840 0.0
8850 0.0
8860 0.0
8870 0.0
8880 0.0
8890 0.0
8900 0.0
8910 0.0
8920 0.0
8930 0.0
8940 0.0
8950 0.0
8960 0.0
8970 0.0
8980 0.0
8990 0.0
9000 0.0
9010 0.0
9020 0.0
9030 0.0
9040 0.0
9050 0.0
9060 0.0
9070 0.0
9080 0.0
9090 0.0
9100 0.0
9110 0.0
9120 0.0
9130 0.0
9140 0.0
9150 0.0
9160 0.0
9170 0.0
9180 0.0
9190 0.0
9200 0.0
9210 0.0
9220 0.0
9230 0.0
9240 0.0
9250 0.0
9260 0.0
9270 0.0
9280 0.0
9290 0.0
9300 0.0
9310 0.0
9320 0.0
9330 0.0
9340 0.0
9350 0.0
9360 0.0
9370 0.0
9380 0.0
9390 0.0
9400 0.0
9410 0.0
9420 0.0
9430 0.0
9440 0.0
9450 0.0
9460 0.0
9470 0.0
9480 0.0
9490 0.0
9500 0.0
9510 0.0
9520 0.0
9530 0.0
9540 0.0
9550 0.0
9560 0.0
9570 0.0
9580 0.0
9590 0.0
9600 0.0
9610 0.0
9620 0.0
9630 0.0
9640 0.0
9650 0.0
9660 0.0
9670 0.0
9680 0.0
9690 0.0
9700 0.0
9710 0.0
9720 0.0
9730 0.0
9740 0.0
9750 0.0
9760 0.0
9770 0.0
9780 0.0
9790 0.0
9800 0.0
9810 0.0
9820 0.0
9830 0.0
9840 0.0
9850 0.0
9860 0.0
9870 0.0
9880 0.0
9890 0.0
9900 0.0
9910 0.0
9920 0.0
9930 0.0
9940 0.0
9950 0.0
9960 0.0
9970 0.0
9980 0.0
9990 0.0
10000 0.0
10010 0.0
10020 0.0
10030 0.0
10040 0.0
10050 0.0
10060 0.0
10070 0.0
10080 0.0
10090 0.0
10100 0.0
10110 0.0
10120 0.0
10130 0.0
10140 0.0
10150 0.0
10160 0.0
10170 0.0
10180 0.0
10190 0.0
10200 0.0
10210 0.0
10220 0.0
10230 0.0
10240 0.0
10250 0.0
10260 0.0
10270 0.0
10280 0.0
10290 0.0
10300 0.0
10310 0.0
10320 0.0
10330 0.0
10340 0.0
10350 0.0
10360 0.0
10370 0.0
10380 0.0
10390 0.0
10400 0.0
10410 0.0
10420 0.0
10430 0.0
10440 0.0
10450 0.0
10460 0.0
10470 0.0
10480 0.0
10490 0.0
10500 0.0
10510 0.0
10520 0.0
10530 0.0
10540 0.0
10550 0.0
10560 0.0
10570 0.0
10580 0.0
10590 0.0
10600 0.0
10610 0.0
10620 0.0
10630 0.0
10640 0.0
10650 0.0
10660 0.0
10670 0.0
10680 0.0
10690 0.0
10700 0.0
10710 0.0
10720 0.0
10730 0.0
10740 0.0
10750 0.0
10760 0.0
10770 0.0
10780 0.0
10790 0.0
10800 0.0
10810 0.0
10820 0.0
10830 0.0
10840 0.0
10850 0.0
10860 0.0
10870 0.0
10880 0.0
10890 0.0
10900 0.0
10910 0.0
10920 0.0
10930 0.0
10940 0.0
10950 0.0
10960 0.0
10970 0.0
10980 0.0
10990 0.0
11000 0.0
11010 0.0
11020 0.0
11030 0.0
11040 0.0
11050 0.0
11060 0.0
11070 0.0
11080 0.0
11090 0.0
11100 0.0
11110 0.0
11120 0.0
11130 0.0
11140 0.0
11150 0.0
11160 0.0
11170 0.0
11180 0.0
11190 0.0
11200 0.0
11210 0.0
11220 0.0
11230 0.0
11240 0.0
11250 0.0
11260 0.0
11270 0.0
11280 0.0
11290 0.0
11300 0.0
11310 0.0
11320 0.0
11330 0.0
11340 0.0
11350 0.0
11360 0.0
11370 0.0
11380 0.0
11390 0.0
11400 0.0
11410 0.0
11420 0.0
11430 0.0
11440 0.0
11450 0.0
11460 0.0
11470 0.0
11480 0.0
11490 0.0
11500 0.0
11510 0.0
11520 0.0
11530 0.0
11540 0.0
11550 0.0
11560 0.0
11570 0.0
11580 0.0
11590 0.0
11600 0.0
11610 0.0
11620 0.0
11630 0.0
11640 0.0
11650 0.0
11660 0.0
11670 0.0
11680 0.0
11690 0.0
11700 0.0
11710 0.0
11720 0.0
11730 0.0
11740 0.0
11750 0.0
11760 0.0
11770 0.0
11780 0.0
11790 0.0
11800 0.0
11810 0.0
11820 0.0
11830 0.0
11840 0.0
11850 0.0
11860 0.0
11870 0.0
11880 0.0
11890 0.0
11900 0.0
11910 0.0
11920 0.0
11930 0.0
11940 0.0
11950 0.0
11960 0.0
11970 0.0
11980 0.0
11990 0.0
