length=1200
0 0.000412560063546
10 0.00097936967771
20 0.00022209015569
30 0.000561246480513
40 0.000110595261006
50 -0.000460855073741
60 -0.000535194824474
70 -0.0011670489172
80 -0.000172827990514
90 5.01757226857e-05
100 -3.34508159643e-05
110 0.000774943568974
120 0.000630926964117
130 0.000496200813786
140 -4.27240420696e-05
150 -0.000237854228853
160 0.000812127340324
170 0.00110947603962
180 0.000756395176709
190 0.000937594652509
200 0.000635617485606
210 0.000366158928502
220 -0.000135599653619
230 0.000593812616991
240 0.00143008894762
250 0.000565957154425
260 -0.000307475164872
270 -0.00132029460962
280 -3.33805748781e-05
290 -0.000219218775513
300 -0.000247096646166
310 0.000533419923815
320 -0.000191342427202
330 -9.84254061776e-05
340 0.000208206089533
350 0.000482319021857
360 0.000473031946179
370 -0.000302836421481
380 0.000505555271516
390 0.000468392747933
400 -0.000261016199524
410 0.000575251591156
420 0.000389419470595
430 -3.33577862168e-05
440 0.00111883665168
450 0.000779693721577
460 -9.37364627321e-05
470 0.000984122225209
480 0.00019432112297
490 -0.000818493309196
500 0.000245420298367
510 0.00127682290783
520 0.000343000383083
530 -7.96244610738e-07
540 0.000682157905354
550 0.000435929545685
560 0.000329077125987
570 4.10317189933e-05
580 0.00109101607294
590 0.000445240384697
600 -0.000325982314778
610 0.00129080386526
620 0.00104922753233
630 -0.000358483826117
640 -0.000358487409185
650 -0.000335261258946
660 -0.000479288956458
670 0.000598565879222
680 0.000291939377524
690 -0.000943879519729
700 -0.000432834818036
710 -0.000191249917307
720 0.000352323929886
730 5.03409149721e-05
740 0.000528873922368
750 0.000956306297004
760 0.000542826595873
770 -0.00021445728895
780 -0.000665116259393
790 0.000268712373268
800 0.00064503673551
810 0.00072867021751
820 0.000640404508462
830 0.000607889277509
840 -8.8996650935e-05
850 -0.00130623556739
860 -0.000442102539615
870 0.000226909361151
880 -0.0010182020792
890 -0.000442114866853
900 0.000449902473667
910 -0.000567555352458
920 -0.000767336730548
930 0.000120031414416
940 0.000431311038188
950 -0.000576855080265
960 -0.00044677433821
970 0.000473118635867
980 0.000115385467747
990 -0.000781281086898
1000 0.00056138969166
1010 0.000970238604539
1020 -0.000367784343003
1030 -0.000544333992035
1040 9.21552610185e-05
1050 0.000449894072929
1060 0.000185079605976
1070 0.000826222092497
1080 0.000152568078761
1090 -0.00115758735746
1100 9.68066750945e-05
1110 0.000895910466266
1120 0.000700789654862
1130 0.000375580387598
1140 0.000329124671132
1150 0.000366295530447
1160 -0.00123655241046
1170 -0.00108789447238
1180 0.000491716522678
1190 0.000435970073209
1200 -0.000140122959307
1210 -0.000386359534037
1220 -0.000274860675705
1230 0.000696139428922
1240 0.000338408488614
1250 -0.000270207145201
1260 0.000691501112515
1270 0.00122579188481
1280 0.00062647700916
1290 4.57399329063e-05
1300 0.000189764734258
1310 -0.000395622651459
1320 -0.000613986098923
1330 7.36078712164e-05
1340 -0.000683680701297
1350 -0.00115292814608
1360 -0.000595426066343
1370 -0.000744102309632
1380 -0.000335266438744
1390 -0.000823094189211
1400 -0.000400321267355
1410 -0.000897441560924
1420 -0.000674445088119
1430 -0.000716265347209
1440 -0.000456099491013
1450 -3.79688492095e-05
1460 0.000468438956314
1470 0.00458939832352
1480 0.0249293986543
1490 0.127247331023
1500 0.595384165518
1510 1.710348946
1520 3.04158357002
1530 4.133854882
1540 5.09516218434
1550 5.94757191139
1560 6.74457561864
1570 7.58643141955
1580 8.45456147876
1590 9.39605239751
1600 10.4720851176
1610 11.6989970596
1620 13.1661576801
1630 14.8943898689
1640 16.8385317865
1650 18.9710384799
1660 21.1544965969
1670 23.3844222329
1680 25.655050178
1690 27.9016771619
1700 30.2117490025
1710 32.4776404161
1720 34.6067798594
1730 36.6850104479
1740 38.8254029491
1750 40.9318634146
1760 43.0447512242
1770 45.1470897348
1780 46.8708366413
1790 48.3639737976
1800 49.8526414524
1810 51.1087751169
1820 51.9709335919
1830 52.5576295768
1840 52.9556657469
1850 53.0660628115
1860 53.0323191199
1870 52.9630200955
1880 52.7201095186
1890 52.307749753
1900 51.6826965498
1910 50.7353999756
1920 49.0417594463
1930 46.3839531495
1940 43.3298903567
1950 40.4670252418
1960 37.8876105015
1970 35.8418151624
1980 34.2828785321
1990 32.7293716834
2000 31.1460599955
2010 29.4999507019
2020 27.7135268899
2030 25.7903106253
2040 23.8837315371
2050 22.0738685992
2060 20.4536141947
2070 19.0210483268
2080 17.8059621868
2090 16.7811311531
2100 15.8373296328
2110 15.0033868063
2120 14.2142797794
2130 13.4402196836
2140 12.741746248
2150 12.0557581273
2160 11.4367090354
2170 10.8532087487
2180 10.2741870448
2190 9.69323766415
2200 9.05430542211
2210 8.29620953056
2220 7.34495598094
2230 6.09355755679
2240 4.60030863168
2250 3.13042780029
2260 2.06284821357
2270 1.47861364389
2280 1.23262612066
2290 1.0865744917
2300 1.03020966804
2310 0.990820988392
2320 0.950150654232
2330 0.941831751934
2340 0.880660753449
2350 0.842551840354
2360 0.793872143869
2370 0.73910597162
2380 0.709003524909
2390 0.669291320498
2400 0.648797633109
2410 0.623178697241
2420 0.592754776924
2430 0.582830727349
2440 0.559453338905
2450 0.562021250515
2460 0.533198295162
2470 0.492523388297
2480 0.498293783423
2490 0.453774745002
2500 0.449935296029
2510 0.442572341125
2520 0.420795127262
2530 0.40830683748
2540 0.398380944742
2550 0.392298735569
2560 0.392302454972
2570 0.365079379805
2580 0.339777924025
2590 0.361242239064
2600 0.331456331661
2610 0.338506378142
2620 0.326978211667
2630 0.319614027988
2640 0.29751527012
2650 0.307447814479
2660 0.290794293927
2670 0.280546911583
2680 0.290799601576
2690 0.262614566339
2700 0.272546761906
2710 0.263580458086
2720 0.265504782497
2730 0.261022821502
2740 0.247571989262
2750 0.244691425222
2760 0.243092093304
2770 0.249820941372
2780 0.247901345423
2790 0.237653534287
2800 0.238616653812
2810 0.232212532642
2820 0.213956683954
2830 0.234458795728
2840 0.20210909931
2850 0.212361005319
2860 0.202433154221
2870 0.207560019746
2880 0.193788337887
2890 0.197313540862
2900 0.196354365814
2910 0.201801485771
2920 0.194115735687
2930 0.204687876927
2940 0.185470807354
2950 0.178105209304
2960 0.19091939716
2970 0.17234282045
2980 0.193485146693
2990 0.190283726634
3000 0.175230611057
3010 0.166583649687
3020 0.170428895899
3030 0.180360169884
3040 0.156658443893
3050 0.163386427978
3060 0.165630066039
3070 0.165951835118
3080 0.1419296499
3090 0.163391987379
3100 0.146416711626
3110 0.13456630996
3120 0.164677085057
3130 0.14289709365
3140 0.139054537541
3150 0.138735410565
3160 0.151549204829
3170 0.128167506074
3180 0.138738988128
3190 0.125927563973
3200 0.130413034253
3210 0.135539179793
3220 0.138102854689
3230 0.142908761797
3240 0.132980216313
3250 0.119207788869
3260 0.119849409188
3270 0.123373872978
3280 0.126898371968
3290 0.113125883725
3300 0.127861313375
3310 0.118573247955
3320 0.12818368832
3330 0.113770582416
3340 0.118255931099
3350 0.10800682399
3360 0.111851484613
3370 0.114414922715
3380 0.114736179804
3390 0.119862168547
3400 0.102245827142
3410 0.0990434951018
3420 0.108013109811
3430 0.111217139973
3440 0.0974444949332
3450 0.100648419498
3460 0.0881569297812
3470 0.0984076966131
3480 0.105775728771
3490 0.108339106074
3500 0.0923242256225
3510 0.0971296751396
3520 0.0987320203534
3530 0.0964905988041
3540 0.0807959151857
3550 0.091046608419
3560 0.0766331313227
3570 0.0708680214455
3580 0.0948921703807
3590 0.0904085038206
3600 0.0731121832523
3610 0.083042484457
3620 0.0894494173271
3630 0.0884891639006
3640 0.0759975525861
3650 0.0897716653529
3660 0.0814441648311
3670 0.0926558101549
3680 0.0811251861302
3690 0.0760007515124
3700 0.0772825703003
3710 0.0945801633993
3720 0.101627841927
3730 0.0804878505939
3740 0.0852931817134
3750 0.0776062668529
3760 0.0884975585472
3770 0.066716805556
3780 0.0567874984878
3790 0.0702411040283
3800 0.0599915169291
3810 0.0744061001596
3820 0.0779301095593
3830 0.0615946098842
3840 0.0599934476029
3850 0.0702439328404
3860 0.0583927695901
3870 0.0776120652743
3880 0.0660812908526
3890 0.0654411190611
3900 0.0612774733372
3910 0.0644810363094
3920 0.0660830551298
3930 0.080497699159
3940 0.0577559204786
3950 0.0724907965398
3960 0.0571161881564
3970 0.0635228618317
3980 0.0558357293757
3990 0.0516719876537
4000 0.0632036506138
4010 0.0497508408137
4020 0.0484698753651
4030 0.0567983540236
4040 0.0616034483478
4050 0.0728148952756
4060 0.0635262794664
4070 0.0395030702687
4080 0.0443079917965
4090 0.0712147122091
4100 0.0555197757957
4110 0.0600045420899
4120 0.0686534511762
4130 0.0606460546888
4140 0.0459119583683
4150 0.0673733358666
4160 0.0529596219749
4170 0.070577287109
4180 0.0503979310725
4190 0.041109091268
4200 0.0510390724791
4210 0.0449533913767
4220 0.0449536388499
4230 0.0430319949417
4240 0.0423915927549
4250 0.0430324450891
4260 0.0468764561254
4270 0.0487986141796
4280 0.0654552920239
4290 0.0452758847884
4300 0.0446355050011
4310 0.0648156087787
4320 0.0283001184017
4330 0.0401518629968
4340 0.0366285949385
4350 0.0302224546088
4360 0.0443164250152
4370 0.0459182422396
4380 0.0516841734567
4390 0.0420750312216
4400 0.0548878591045
4410 0.056810097157
4420 0.0494432127324
4430 0.0308652216514
4440 0.0308653283275
4450 0.0388733157593
4460 0.0539283182545
4470 0.0292643825982
4480 0.0385536149512
4490 0.0465616791814
4500 0.0430384751217
4510 0.042718388165
4520 0.041757667548
4530 0.0443204048636
4540 0.0440003307066
4550 0.0449615142707
4560 0.0212584347069
4570 0.0331101089034
4580 0.030227400907
4590 0.028625925032
4600 0.0411183032875
4610 0.0359934686777
4620 0.0305482676389
4630 0.0430406650939
4640 0.0478456218209
4650 0.0283066690494
4660 0.0353536851911
4670 0.0228615426873
4680 0.0327913415021
4690 0.0417602938241
4700 0.0459246072909
4710 0.0308700485431
4720 0.0283076333773
4730 0.0132528986331
4740 0.0356748954289
4750 0.0318312673412
4760 0.0478471451284
4770 0.0379176492639
4780 0.0395194024896
4790 0.0379180194127
4800 0.037597881257
4810 0.0247854459225
4820 0.00684783890701
4830 0.048809000748
4840 0.0286294271159
4850 0.0203013154065
4860 0.0196606860242
4870 0.0331139203722
4880 0.0327937342176
4890 0.0267078707188
4900 0.0292704576376
4910 0.0289502330837
4920 0.0321534728624
4930 0.0331145380289
4940 0.0263880472696
4950 0.0340756746721
4960 0.026388247822
4970 0.0366383970662
4980 0.0145368104553
4990 0.0244665260718
5000 0.0
5010 0.0
5020 0.0
5030 0.0
5040 0.0
5050 0.0
5060 0.0
5070 0.0
5080 0.0
5090 0.0
5100 0.0
5110 0.0
5120 0.0
5130 0.0
5140 0.0
5150 0.0
5160 0.0
5170 0.0
5180 0.0
5190 0.0
5200 0.0
5210 0.0
5220 0.0
5230 0.0
5240 0.0
5250 0.0
5260 0.0
5270 0.0
5280 0.0
5290 0.0
5300 0.0
5310 0.0
5320 0.0
5330 0.0
5340 0.0
5350 0.0
5360 0.0
5370 0.0
5380 0.0
5390 0.0
5400 0.0
5410 0.0
5420 0.0
5430 0.0
5440 0.0
5450 0.0
5460 0.0
5470 0.0
5480 0.0
5490 0.0
5500 0.0
5510 0.0
5520 0.0
5530 0.0
5540 0.0
5550 0.0
5560 0.0
5570 0.0
5580 0.0
5590 0.0
5600 0.0
5610 0.0
5620 0.0
5630 0.0
5640 0.0
5650 0.0
5660 0.0
5670 0.0
5680 0.0
5690 0.0
5700 0.0
5710 0.0
5720 0.0
5730 0.0
5740 0.0
5750 0.0
5760 0.0
5770 0.0
5780 0.0
5790 0.0
5800 0.0
5810 0.0
5820 0.0
5830 0.0
5840 0.0
5850 0.0
5860 0.0
5870 0.0
5880 0.0
5890 0.0
5900 0.0
5910 0.0
5920 0.0
5930 0.0
5940 0.0
5950 0.0
5960 0.0
5970 0.0
5980 0.0
5990 0.0
6000 0.0
6010 0.0
6020 0.0
6030 0.0
6040 0.0
6050 0.0
6060 0.0
6070 0.0
6080 0.0
6090 0.0
6100 0.0
6110 0.0
6120 0.0
6130 0.0
6140 0.0
6150 0.0
6160 0.0
6170 0.0
6180 0.0
6190 0.0
6200 0.0
6210 0.0
6220 0.0
6230 0.0
6240 0.0
6250 0.0
6260 0.0
6270 0.0
6280 0.0
6290 0.0
6300 0.0
6310 0.0
6320 0.0
6330 0.0
6340 0.0
6350 0.0
6360 0.0
6370 0.0
6380 0.0
6390 0.0
6400 0.0
6410 0.0
6420 0.0
6430 0.0
6440 0.0
6450 0.0
6460 0.0
6470 0.0
6480 0.0
6490 0.0
6500 0.0
6510 0.0
6520 0.0
6530 0.0
6540 0.0
6550 0.0
6560 0.0
6570 0.0
6580 0.0
6590 0.0
6600 0.0
6610 0.0
6620 0.0
6630 0.0
6640 0.0
6650 0.0
6660 0.0
6670 0.0
6680 0.0
6690 0.0
6700 0.0
6710 0.0
6720 0.0
6730 0.0
6740 0.0
6750 0.0
6760 0.0
6770 0.0
6780 0.0
6790 0.0
6800 0.0
6810 0.0
6820 0.0
6830 0.0
6840 0.0
6850 0.0
6860 0.0
6870 0.0
6880 0.0
6890 0.0
6900 0.0
6910 0.0
6920 0.0
6930 0.0
6940 0.0
6950 0.0
6960 0.0
6970 0.0
6980 0.0
6990 0.0
7000 0.0
7010 0.0
7020 0.0
7030 0.0
7040 0.0
7050 0.0
7060 0.0
7070 0.0
7080 0.0
7090 0.0
7100 0.0
7110 0.0
7120 0.0
7130 0.0
7140 0.0
7150 0.0
7160 0.0
7170 0.0
7180 0.0
7190 0.0
7200 0.0
7210 0.0
7220 0.0
7230 0.0
7240 0.0
7250 0.0
7260 0.0
7270 0.0
7280 0.0
7290 0.0
7300 0.0
7310 0.0
7320 0.0
7330 0.0
7340 0.0
7350 0.0
7360 0.0
7370 0.0
7380 0.0
7390 0.0
7400 0.0
7410 0.0
7420 0.0
7430 0.0
7440 0.0
7450 0.0
7460 0.0
7470 0.0
7480 0.0
7490 0.0
7500 0.0
7510 0.0
7520 0.0
7530 0.0
7540 0.0
7550 0.0
7560 0.0
7570 0.0
7580 0.0
7590 0.0
7600 0.0
7610 0.0
7620 0.0
7630 0.0
7640 0.0
7650 0.0
7660 0.0
7670 0.0
7680 0.0
7690 0.0
7700 0.0
7710 0.0
7720 0.0
7730 0.0
7740 0.0
7750 0.0
7760 0.0
7770 0.0
7780 0.0
7790 0.0
7800 0.0
7810 0.0
7820 0.0
7830 0.0
7840 0.0
7850 0.0
7860 0.0
7870 0.0
7880 0.0
7890 0.0
7900 0.0
7910 0.0
7920 0.0
7930 0.0
7940 0.0
7950 0.0
7960 0.0
7970 0.0
7980 0.0
7990 0.0
8000 0.0
8010 0.0
8020 0.0
8030 0.0
8040 0.0
8050 0.0
8060 0.0
8070 0.0
8080 0.0
8090 0.0
8100 0.0
8110 0.0
8120 0.0
8130 0.0
8140 0.0
8150 0.0
8160 0.0
8170 0.0
8180 0.0
8190 0.0
8200 0.0
8210 0.0
8220 0.0
8230 0.0
8240 0.0
8250 0.0
8260 0.0
8270 0.0
8280 0.0
8290 0.0
8300 0.0
8310 0.0
8320 0.0
8330 0.0
8340 0.0
8350 0.0
8360 0.0
8370 0.0
8380 0.0
8390 0.0
8400 0.0
8410 0.0
8420 0.0
8430 0.0
8440 0.0
8450 0.0
8460 0.0
8470 0.0
8480 0.0
8490 0.0
8500 0.0
8510 0.0
8520 0.0
8530 0.0
8540 0.0
8550 0.0
8560 0.0
8570 0.0
8580 0.0
8590 0.0
8600 0.0
8610 0.0
8620 0.0
8630 0.0
8640 0.0
8650 0.0
8660 0.0
8670 0.0
8680 0.0
8690 0.0
8700 0.0
8710 0.0
8720 0.0
8730 0.0
8740 0.0
8750 0.0
8760 0.0
8770 0.0
8780 0.0
8790 0.0
8800 0.0
8810 0.0
8820 0.0
8830 0.0
8840 0.0
8850 0.0
8860 0.0
8870 0.0
8880 0.0
8890 0.0
8900 0.0
8910 0.0
8920 0.0
8930 0.0
8940 0.0
8950 0.0
8960 0.0
8970 0.0
8980 0.0
8990 0.0
9000 0.0
9010 0.0
9020 0.0
9030 0.0
9040 0.0
9050 0.0
9060 0.0
9070 0.0
9080 0.0
9090 0.0
9100 0.0
9110 0.0
9120 0.0
9130 0.0
9140 0.0
9150 0.0
9160 0.0
9170 0.0
9180 0.0
9190 0.0
9200 0.0
9210 0.0
9220 0.0
9230 0.0
9240 0.0
9250 0.0
9260 0.0
9270 0.0
9280 0.0
9290 0.0
9300 0.0
9310 0.0
9320 0.0
9330 0.0
9340 0.0
9350 0.0
9360 0.0
9370 0.0
9380 0.0
9390 0.0
9400 0.0
9410 0.0
9420 0.0
9430 0.0
9440 0.0
9450 0.0
9460 0.0
9470 0.0
9480 0.0
9490 0.0
9500 0.0
9510 0.0
9520 0.0
9530 0.0
9540 0.0
9550 0.0
9560 0.0
9570 0.0
9580 0.0
9590 0.0
9600 0.0
9610 0.0
9620 0.0
9630 0.0
9640 0.0
9650 0.0
9660 0.0
9670 0.0
9680 0.0
9690 0.0
9700 0.0
9710 0.0
9720 0.0
9730 0.0
9740 0.0
9750 0.0
9760 0.0
9770 0.0
9780 0.0
9790 0.0
9800 0.0
9810 0.0
9820 0.0
9830 0.0
9840 0.0
9850 0.0
9860 0.0
9870 0.0
9880 0.0
9890 0.0
9900 0.0
9910 0.0
9920 0.0
9930 0.0
9940 0.0
9950 0.0
9960 0.0
9970 0.0
9980 0.0
9990 0.0
10000 0.0
10010 0.0
10020 0.0
10030 0.0
10040 0.0
10050 0.0
10060 0.0
10070 0.0
10080 0.0
10090 0.0
10100 0.0
10110 0.0
10120 0.0
10130 0.0
10140 0.0
10150 0.0
10160 0.0
10170 0.0
10180 0.0
10190 0.0
10200 0.0
10210 0.0
10220 0.0
10230 0.0
10240 0.0
10250 0.0
10260 0.0
10270 0.0
10280 0.0
10290 0.0
10300 0.0
10310 0.0
10320 0.0
10330 0.0
10340 0.0
10350 0.0
10360 0.0
10370 0.0
10380 0.0
10390 0.0
10400 0.0
10410 0.0
10420 0.0
10430 0.0
10440 0.0
10450 0.0
10460 0.0
10470 0.0
10480 0.0
10490 0.0
10500 0.0
10510 0.0
10520 0.0
10530 0.0
10540 0.0
10550 0.0
10560 0.0
10570 0.0
10580 0.0
10590 0.0
10600 0.0
10610 0.0
10620 0.0
10630 0.0
10640 0.0
10650 0.0
10660 0.0
10670 0.0
10680 0.0
10690 0.0
10700 0.0
10710 0.0
10720 0.0
10730 0.0
10740 0.0
10750 0.0
10760 0.0
10770 0.0
10780 0.0
10790 0.0
10800 0.0
10810 0.0
10820 0.0
10830 0.0
10840 0.0
10850 0.0
10860 0.0
10870 0.0
10880 0.0
10890 0.0
10900 0.0
10910 0.0
10920 0.0
10930 0.0
10940 0.0
10950 0.0
10960 0.0
10970 0.0
10980 0.0
10990 0.0
11000 0.0
11010 0.0
11020 0.0
11030 0.0
11040 0.0
11050 0.0
11060 0.0
11070 0.0
11080 0.0
11090 0.0
11100 0.0
11110 0.0
11120 0.0
11130 0.0
11140 0.0
11150 0.0
11160 0.0
11170 0.0
11180 0.0
11190 0.0
11200 0.0
11210 0.0
11220 0.0
11230 0.0
11240 0.0
11250 0.0
11260 0.0
11270 0.0
11280 0.0
11290 0.0
11300 0.0
11310 0.0
11320 0.0
11330 0.0
11340 0.0
11350 0.0
11360 0.0
11370 0.0
11380 0.0
11390 0.0
11400 0.0
11410 0.0
11420 0.0
11430 0.0
11440 0.0
11450 0.0
11460 0.0
11470 0.0
11480 0.0
11490 0.0
11500 0.0
11510 0.0
11520 0.0
11530 0.0
11540 0.0
11550 0.0
11560 0.0
11570 0.0
11580 0.0
11590 0.0
11600 0.0
11610 0.0
11620 0.0
11630 0.0
11640 0.0
11650 0.0
11660 0.0
11670 0.0
11680 0.0
11690 0.0
11700 0.0
11710 0.0
11720 0.0
11730 0.0
11740 0.0
11750 0.0
11760 0.0
11770 0.0
11780 0.0
11790 0.0
11800 0.0
11810 0.0
11820 0.0
11830 0.0
11840 0.0
11850 0.0
11860 0.0
11870 0.0
11880 0.0
11890 0.0
11900 0.0
11910 0.0
11920 0.0
11930 0.0
11940 0.0
11950 0.0
11960 0.0
11970 0.0
11980 0.0
11990 0.0
