length=1200
0 0.000753572548504
10 -0.00016167141567
20 -0.000421846043882
30 0.000344730940995
40 0.000242523558268
50 -0.000380030871633
60 -0.000575164427983
70 0.000414416465026
80 0.000117080018706
90 -0.000333575637863
100 -0.000449727636839
110 -0.000654153782704
120 0.000451574987827
130 5.56861964008e-06
140 -0.000644863857282
150 5.56223324239e-06
160 0.000363300181877
170 0.000563079517803
180 -0.00066809072228
190 -0.000510135209944
200 0.000293608466382
210 -7.34183865931e-05
220 1.02079199932e-05
230 4.73755953938e-05
240 0.000158878788682
250 -8.27088504022e-05
260 -0.000393988102874
270 0.000172813454033
280 0.00011706382065
290 -0.000440448609135
300 6.59551770436e-05
310 -2.23171504644e-05
320 7.52475066471e-05
330 0.000934748390922
340 0.000307554929862
350 0.000191409335849
360 0.000539857247672
370 -0.000895734877583
380 -0.000900389772628
390 -0.000315009488068
400 -5.94855684685e-05
410 0.000219270637141
420 0.000261086347778
430 0.00107412962195
440 0.0013621890456
450 -0.000435778704197
460 -0.00103046423039
470 0.000521271660211
480 -0.000161677291524
490 -0.000816757385968
500 0.000340075173393
510 -0.000226726921901
520 -0.00139750774556
530 -0.000403289120946
540 0.000990490848891
550 -0.000723853574018
560 -0.000482271578727
570 0.000419037255968
580 -0.000356831650079
590 -0.000802846094089
600 -5.95026483674e-05
610 0.000697786063383
620 0.000646687621305
630 4.27210159613e-05
640 0.000377229602591
650 0.000577009077755
660 0.000507325642299
670 0.000144946870973
680 -0.000226727413873
690 0.000233219040678
700 -0.000347521962095
710 -0.000468320046971
720 0.00139005393924
730 0.000307562253803
740 -0.00164373227152
750 -3.16052008045e-05
760 -0.000175629862919
770 -0.000133818097368
780 0.000400464432023
790 0.000544492779312
800 0.000293617099166
810 0.000335433552407
820 0.000261101756825
830 0.000460880071669
840 -0.000709893882895
850 -0.000505479321659
860 0.000623480667389
870 0.000623486895983
880 0.000474822831408
890 0.000437660001501
900 0.000739650906585
910 0.000251833896036
920 0.000572406731255
930 0.000823293569033
940 0.000419104433821
950 0.000368003206976
960 0.000358714989544
970 0.00083725107875
980 0.000883718908947
990 -0.000384615701948
1000 -0.000435724958204
1010 0.000302976207464
1020 0.000735052273101
1030 -0.000189483770048
1040 -0.000946774969523
1050 0.000744340156359
1060 0.00052134215193
1070 0.000623558185997
1080 0.00183615649326
1090 -0.0002080416955
1100 -0.000779495214164
1110 0.000107872810128
1120 -0.000812023552084
1130 -0.000431064038791
1140 -0.000268460212743
1150 0.000135734464153
1160 0.000670019685484
1170 9.85749388347e-05
1180 0.000316935415878
1190 0.00059104943426
1200 -0.00108613140686
1210 -0.000812031405133
1220 0.000363384987286
1230 0.000465599443319
1240 0.00112532851982
1250 0.000465615335051
1260 0.000265844279164
1270 0.000869819999975
1280 0.000349482662352
1290 -0.00112792488578
1300 -0.000695863115281
1310 0.000521367957411
1320 -0.000942100033466
1330 -0.0011325932591
1340 -5.4744949056e-05
1350 0.000484184316013
1360 0.000210078299191
1370 -5.93845093221e-05
1380 3.35338298246e-05
1390 -0.000254514529021
1400 -7.33251526408e-05
1410 -0.000231288072456
1420 0.000103217775819
1430 0.000897675685307
1440 0.0012786522785
1450 0.0014226893978
1460 0.0020266766754
1470 0.00144595358795
1480 0.000865224698914
1490 0.00106500904742
1500 0.00441010128154
1510 0.0250009809406
1520 0.131170403807
1530 0.567999369266
1540 1.70022724536
1550 3.30815688405
1560 4.87613298396
1570 6.28620933905
1580 7.67227613798
1590 9.1176151006
1600 10.7045478331
1610 12.4170599883
1620 14.2064649056
1630 16.0865369079
1640 18.3875219031
1650 21.1850184903
1660 23.8947766494
1670 26.1996834257
1680 28.3643151547
1690 30.7109075564
1700 33.3554165618
1710 36.179969142
1720 39.1057695487
1730 42.0312788652
1740 44.9327937612
1750 47.6017887819
1760 49.848955303
1770 51.6025384986
1780 53.1501765144
1790 54.5572115998
1800 55.7787982178
1810 56.6663082489
1820 57.3116688265
1830 57.701744607
1840 57.7852826034
1850 57.4834822065
1860 56.885387201
1870 56.0934955004
1880 55.1516883555
1890 54.050675127
1900 52.7625867994
1910 50.9190589893
1920 48.2122632117
1930 44.7017694756
1940 41.0541457465
1950 37.7508244458
1960 35.0698426334
1970 33.0201753531
1980 31.3032951175
1990 29.6488591968
2000 28.0193913333
2010 26.3815789926
2020 24.708515612
2030 23.0613810487
2040 21.540754544
2050 20.1399107422
2060 18.9110622224
2070 17.7507488838
2080 16.6967686083
2090 15.6962704452
2100 14.7277938086
2110 13.7650731695
2120 12.8302103365
2130 11.8972600542
2140 10.9498862651
2150 10.0044249021
2160 9.06183692988
2170 8.00008227463
2180 6.7221042312
2190 5.15038435391
2200 3.50529658683
2210 2.24745349824
2220 1.65489257669
2230 1.38968790056
2240 1.22986428563
2250 1.17734467607
2260 1.14084030322
2270 1.08992138022
2280 1.03387690475
2290 1.0012148811
2300 0.931716279573
2310 0.86926391873
2320 0.846850337678
2330 0.797530053291
2340 0.766787559468
2350 0.726435301544
2360 0.70241871717
2370 0.673276849118
2380 0.626517352208
2390 0.618835846197
2400 0.603787013092
2410 0.57464415946
2420 0.55479015631
2430 0.554795499039
2440 0.533019406112
2450 0.500352377762
2460 0.494911817588
2470 0.501322866534
2480 0.463530477706
2490 0.450401984014
2500 0.442078087579
2510 0.41261330275
2520 0.411976594247
2530 0.398527270136
2540 0.38956222485
2550 0.380917405197
2560 0.374835020987
2570 0.35754154292
2580 0.345052620511
2590 0.336727671297
2600 0.334168313028
2610 0.327765146398
2620 0.318158763466
2630 0.312075752069
2640 0.288375342211
2650 0.293182751048
2660 0.315287230316
2670 0.302797885515
2680 0.278777067628
2690 0.284545326158
2700 0.279102609228
2710 0.265651957144
2720 0.26341220372
2730 0.267578732502
2740 0.248682606306
2750 0.270786640783
2760 0.240038883068
2770 0.227548786283
2780 0.238121261276
2790 0.239725015421
2800 0.228516176356
2810 0.228197943122
2820 0.223074978234
2830 0.2227566906
2840 0.228844704371
2850 0.235573409401
2860 0.206106560614
2870 0.215397560291
2880 0.215079195859
2890 0.207073262702
2900 0.209317336913
2910 0.213163009675
2920 0.211883677153
2930 0.189143211406
2940 0.206762237472
2950 0.184342035756
2960 0.192031241686
2970 0.190751697968
2980 0.177300162701
2990 0.202286320665
3000 0.185311433064
3010 0.188836550601
3020 0.176666257056
3030 0.171542776978
3040 0.176989648299
3050 0.164819236356
3060 0.183078649688
3070 0.176673972688
3080 0.173792699222
3090 0.171231712186
3100 0.167389438631
3110 0.166429963748
3120 0.152657870056
3130 0.159065498272
3140 0.163230983874
3150 0.153943271406
3160 0.156827444889
3170 0.14465683135
3180 0.143376814042
3190 0.142417099164
3200 0.156832505737
3210 0.149146305421
3220 0.139217821696
3230 0.129929869233
3240 0.142102944397
3250 0.130572814122
3260 0.140824004304
3270 0.121926610934
3280 0.139544965014
3290 0.124811656837
3300 0.126734593435
3310 0.128016918772
3320 0.122252321843
3330 0.115526721626
3340 0.11072294559
3350 0.128981818133
3360 0.121935969883
3370 0.122257301531
3380 0.128344310522
3390 0.134751695542
3400 0.120658969827
3410 0.126745962818
3420 0.122582929241
3430 0.106247875316
3440 0.120662920297
3450 0.11425761931
3460 0.108172569554
3470 0.093438947783
3480 0.0979240926291
3490 0.130276707304
3500 0.10305101235
3510 0.10177057905
3520 0.102091709101
3530 0.100811266201
3540 0.0937651363575
3550 0.102094067166
3560 0.114266863936
3570 0.09408794405
3580 0.108823182663
3590 0.0905660997597
3600 0.087683965511
3610 0.102739455356
3620 0.104662171158
3630 0.0979363949436
3640 0.0912105515306
3650 0.104023869963
3660 0.0956965111975
3670 0.0995410479825
3680 0.0918542748785
3690 0.0992222407968
3700 0.0832072685069
3710 0.086411050034
3720 0.0902554940209
3730 0.094099976407
3740 0.0937803991993
3750 0.081288840043
3760 0.102750570493
3770 0.084173111561
3780 0.0745642934787
3790 0.075525781996
3800 0.0902608350128
3810 0.0893005889455
3820 0.100191996797
3830 0.087700501639
3840 0.0764901426048
3850 0.0697640847962
3860 0.0675223730121
3870 0.0790541937283
3880 0.0787344661237
3890 0.0742506373262
3900 0.0752121226434
3910 0.0764939327907
3920 0.0620803094566
3930 0.083541847911
3940 0.0787377518822
3950 0.0787383363078
3960 0.0771373445823
3970 0.0659268799502
3980 0.0691304886808
3990 0.0684903466479
4000 0.0742565028198
4010 0.0659288464604
4020 0.0672105638095
4030 0.0742579681025
4040 0.0800241818732
4050 0.064009017587
4060 0.0781033249457
4070 0.0768226420505
4080 0.0630496523767
4090 0.0784252110564
4100 0.0640116069218
4110 0.0601682613876
4120 0.0688171714332
4130 0.0720208089631
4140 0.0643337606646
4150 0.0723420818488
4160 0.0694597652036
4170 0.0614523760753
4180 0.0665778313881
4190 0.0627345114534
4200 0.070742816638
4210 0.0681807992233
4220 0.0691422237417
4230 0.0566504181903
4240 0.0585726732017
4250 0.0572917951105
4260 0.0630578392846
4270 0.0649801582947
4280 0.0630587137416
4290 0.0665826089029
4300 0.0585751909752
4310 0.0569739976537
4320 0.0425601791234
4330 0.0806779143536
4340 0.064342441237
4350 0.0569756313702
4360 0.0476868565235
4370 0.0588981636134
4380 0.0694689522405
4390 0.0579380955797
4400 0.0550556349374
4410 0.0550559825677
4420 0.0697908307886
4430 0.0412832701255
4440 0.0688305899584
4450 0.0489715309117
4460 0.052815600506
4470 0.0512143495857
4480 0.0521756045075
4490 0.0460899339641
4500 0.0531371270613
4510 0.0489733574991
4520 0.0451298615679
4530 0.0425675881585
4540 0.0406459196101
4550 0.0406461232434
4560 0.0364822288837
4570 0.0345604995365
4580 0.0281543377666
4590 0.0486545913371
4600 0.0534596034222
4610 0.0419285867646
4620 0.0451319554999
4630 0.0303977033418
4640 0.0480151422398
4650 0.04577321286
4660 0.059547022592
4670 0.0480160667331
4680 0.0416100393603
4690 0.0525009704212
4700 0.0557044447543
4710 0.0441734504962
4720 0.062751972682
4730 0.0537835706643
4740 0.0483385465809
4750 0.0428934680987
4760 0.0403311722897
4770 0.0416126336439
4780 0.0400112707258
4790 0.0515428162475
4800 0.042574302232
4810 0.0528246124322
4820 0.0742860580882
4830 0.0544270534403
4840 0.0553883403614
4850 0.056029321652
4860 0.0297638300033
4870 0.0563500889478
4880 0.0464206772406
4890 0.0313661226519
4900 0.046741364538
4910 0.0416165852863
4920 0.0384136462171
4930 0.0403357188321
4940 0.050906321863
4950 0.0560316715777
4960 0.0390553216056
4970 0.0377742483182
4980 0.0384150536125
4990 0.0272042017882
5000 0.0
5010 0.0
5020 0.0
5030 0.0
5040 0.0
5050 0.0
5060 0.0
5070 0.0
5080 0.0
5090 0.0
5100 0.0
5110 0.0
5120 0.0
5130 0.0
5140 0.0
5150 0.0
5160 0.0
5170 0.0
5180 0.0
5190 0.0
5200 0.0
5210 0.0
5220 0.0
5230 0.0
5240 0.0
5250 0.0
5260 0.0
5270 0.0
5280 0.0
5290 0.0
5300 0.0
5310 0.0
5320 0.0
5330 0.0
5340 0.0
5350 0.0
5360 0.0
5370 0.0
5380 0.0
5390 0.0
5400 0.0
5410 0.0
5420 0.0
5430 0.0
5440 0.0
5450 0.0
5460 0.0
5470 0.0
5480 0.0
5490 0.0
5500 0.0
5510 0.0
5520 0.0
5530 0.0
5540 0.0
5550 0.0
5560 0.0
5570 0.0
5580 0.0
5590 0.0
5600 0.0
5610 0.0
5620 0.0
5630 0.0
5640 0.0
5650 0.0
5660 0.0
5670 0.0
5680 0.0
5690 0.0
5700 0.0
5710 0.0
5720 0.0
5730 0.0
5740 0.0
5750 0.0
5760 0.0
5770 0.0
5780 0.0
5790 0.0
5800 0.0
5810 0.0
5820 0.0
5830 0.0
5840 0.0
5850 0.0
5860 0.0
5870 0.0
5880 0.0
5890 0.0
5900 0.0
5910 0.0
5920 0.0
5930 0.0
5940 0.0
5950 0.0
5960 0.0
5970 0.0
5980 0.0
5990 0.0
6000 0.0
6010 0.0
6020 0.0
6030 0.0
6040 0.0
6050 0.0
6060 0.0
6070 0.0
6080 0.0
6090 0.0
6100 0.0
6110 0.0
6120 0.0
6130 0.0
6140 0.0
6150 0.0
6160 0.0
6170 0.0
6180 0.0
6190 0.0
6200 0.0
6210 0.0
6220 0.0
6230 0.0
6240 0.0
6250 0.0
6260 0.0
6270 0.0
6280 0.0
6290 0.0
6300 0.0
6310 0.0
6320 0.0
6330 0.0
6340 0.0
6350 0.0
6360 0.0
6370 0.0
6380 0.0
6390 0.0
6400 0.0
6410 0.0
6420 0.0
6430 0.0
6440 0.0
6450 0.0
6460 0.0
6470 0.0
6480 0.0
6490 0.0
6500 0.0
6510 0.0
6520 0.0
6530 0.0
6540 0.0
6550 0.0
6560 0.0
6570 0.0
6580 0.0
6590 0.0
6600 0.0
6610 0.0
6620 0.0
6630 0.0
6640 0.0
6650 0.0
6660 0.0
6670 0.0
6680 0.0
6690 0.0
6700 0.0
6710 0.0
6720 0.0
6730 0.0
6740 0.0
6750 0.0
6760 0.0
6770 0.0
6780 0.0
6790 0.0
6800 0.0
6810 0.0
6820 0.0
6830 0.0
6840 0.0
6850 0.0
6860 0.0
6870 0.0
6880 0.0
6890 0.0
6900 0.0
6910 0.0
6920 0.0
6930 0.0
6940 0.0
6950 0.0
6960 0.0
6970 0.0
6980 0.0
6990 0.0
7000 0.0
7010 0.0
7020 0.0
7030 0.0
7040 0.0
7050 0.0
7060 0.0
7070 0.0
7080 0.0
7090 0.0
7100 0.0
7110 0.0
7120 0.0
7130 0.0
7140 0.0
7150 0.0
7160 0.0
7170 0.0
7180 0.0
7190 0.0
7200 0.0
7210 0.0
7220 0.0
7230 0.0
7240 0.0
7250 0.0
7260 0.0
7270 0.0
7280 0.0
7290 0.0
7300 0.0
7310 0.0
7320 0.0
7330 0.0
7340 0.0
7350 0.0
7360 0.0
7370 0.0
7380 0.0
7390 0.0
7400 0.0
7410 0.0
7420 0.0
7430 0.0
7440 0.0
7450 0.0
7460 0.0
7470 0.0
7480 0.0
7490 0.0
7500 0.0
7510 0.0
7520 0.0
7530 0.0
7540 0.0
7550 0.0
7560 0.0
7570 0.0
7580 0.0
7590 0.0
7600 0.0
7610 0.0
7620 0.0
7630 0.0
7640 0.0
7650 0.0
7660 0.0
7670 0.0
7680 0.0
7690 0.0
7700 0.0
7710 0.0
7720 0.0
7730 0.0
7740 0.0
7750 0.0
7760 0.0
7770 0.0
7780 0.0
7790 0.0
7800 0.0
7810 0.0
7820 0.0
7830 0.0
7840 0.0
7850 0.0
7860 0.0
7870 0.0
7880 0.0
7890 0.0
7900 0.0
7910 0.0
7920 0.0
7930 0.0
7940 0.0
7950 0.0
7960 0.0
7970 0.0
7980 0.0
7990 0.0
8000 0.0
8010 0.0
8020 0.0
8030 0.0
8040 0.0
8050 0.0
8060 0.0
8070 0.0
8080 0.0
8090 0.0
8100 0.0
8110 0.0
8120 0.0
8130 0.0
8140 0.0
8150 0.0
8160 0.0
8170 0.0
8180 0.0
8190 0.0
8200 0.0
8210 0.0
8220 0.0
8230 0.0
8240 0.0
8250 0.0
8260 0.0
8270 0.0
8280 0.0
8290 0.0
8300 0.0
8310 0.0
8320 0.0
8330 0.0
8340 0.0
8350 0.0
8360 0.0
8370 0.0
8380 0.0
8390 0.0
8400 0.0
8410 0.0
8420 0.0
8430 0.0
8440 0.0
8450 0.0
8460 0.0
8470 0.0
8480 0.0
8490 0.0
8500 0.0
8510 0.0
8520 0.0
8530 0.0
8540 0.0
8550 0.0
8560 0.0
8570 0.0
8580 0.0
8590 0.0
8600 0.0
8610 0.0
8620 0.0
8630 0.0
8640 0.0
8650 0.0
8660 0.0
8670 0.0
8680 0.0
8690 0.0
8700 0.0
8710 0.0
8720 0.0
8730 0.0
8740 0.0
8750 0.0
8760 0.0
8770 0.0
8780 0.0
8790 0.0
8800 0.0
8810 0.0
8820 0.0
8830 0.0
8840 0.0
8850 0.0
8860 0.0
8870 0.0
8880 0.0
8890 0.0
8900 0.0
8910 0.0
8920 0.0
8930 0.0
8940 0.0
8950 0.0
8960 0.0
8970 0.0
8980 0.0
8990 0.0
9000 0.0
9010 0.0
9020 0.0
9030 0.0
9040 0.0
9050 0.0
9060 0.0
9070 0.0
9080 0.0
9090 0.0
9100 0.0
9110 0.0
9120 0.0
9130 0.0
9140 0.0
9150 0.0
9160 0.0
9170 0.0
9180 0.0
9190 0.0
9200 0.0
9210 0.0
9220 0.0
9230 0.0
9240 0.0
9250 0.0
9260 0.0
9270 0.0
9280 0.0
9290 0.0
9300 0.0
9310 0.0
9320 0.0
9330 0.0
9340 0.0
9350 0.0
9360 0.0
9370 0.0
9380 0.0
9390 0.0
9400 0.0
9410 0.0
9420 0.0
9430 0.0
9440 0.0
9450 0.0
9460 0.0
9470 0.0
9480 0.0
9490 0.0
9500 0.0
9510 0.0
9520 0.0
9530 0.0
9540 0.0
9550 0.0
9560 0.0
9570 0.0
9580 0.0
9590 0.0
9600 0.0
9610 0.0
9620 0.0
9630 0.0
9640 0.0
9650 0.0
9660 0.0
9670 0.0
9680 0.0
9690 0.0
9700 0.0
9710 0.0
9720 0.0
9730 0.0
9740 0.0
9750 0.0
9760 0.0
9770 0.0
9780 0.0
9790 0.0
9800 0.0
9810 0.0
9820 0.0
9830 0.0
9840 0.0
9850 0.0
9860 0.0
9870 0.0
9880 0.0
9890 0.0
9900 0.0
9910 0.0
9920 0.0
9930 0.0
9940 0.0
9950 0.0
9960 0.0
9970 0.0
9980 0.0
9990 0.0
10000 0.0
10010 0.0
10020 0.0
10030 0.0
10040 0.0
10050 0.0
10060 0.0
10070 0.0
10080 0.0
10090 0.0
10100 0.0
10110 0.0
10120 0.0
10130 0.0
10140 0.0
10150 0.0
10160 0.0
10170 0.0
10180 0.0
10190 0.0
10200 0.0
10210 0.0
10220 0.0
10230 0.0
10240 0.0
10250 0.0
10260 0.0
10270 0.0
10280 0.0
10290 0.0
10300 0.0
10310 0.0
10320 0.0
10330 0.0
10340 0.0
10350 0.0
10360 0.0
10370 0.0
10380 0.0
10390 0.0
10400 0.0
10410 0.0
10420 0.0
10430 0.0
10440 0.0
10450 0.0
10460 0.0
10470 0.0
10480 0.0
10490 0.0
10500 0.0
10510 0.0
10520 0.0
10530 0.0
10540 0.0
10550 0.0
10560 0.0
10570 0.0
10580 0.0
10590 0.0
10600 0.0
10610 0.0
10620 0.0
10630 0.0
10640 0.0
10650 0.0
10660 0.0
10670 0.0
10680 0.0
10690 0.0
10700 0.0
10710 0.0
10720 0.0
10730 0.0
10740 0.0
10750 0.0
10760 0.0
10770 0.0
10780 0.0
10790 0.0
10800 0.0
10810 0.0
10820 0.0
10830 0.0
10840 0.0
10850 0.0
10860 0.0
10870 0.0
10880 0.0
10890 0.0
10900 0.0
10910 0.0
10920 0.0
10930 0.0
10940 0.0
10950 0.0
10960 0.0
10970 0.0
10980 0.0
10990 0.0
11000 0.0
11010 0.0
11020 0.0
11030 0.0
11040 0.0
11050 0.0
11060 0.0
11070 0.0
11080 0.0
11090 0.0
11100 0.0
11110 0.0
11120 0.0
11130 0.0
11140 0.0
11150 0.0
11160 0.0
11170 0.0
11180 0.0
11190 0.0
11200 0.0
11210 0.0
11220 0.0
11230 0.0
11240 0.0
11250 0.0
11260 0.0
11270 0.0
11280 0.0
11290 0.0
11300 0.0
11310 0.0
11320 0.0
11330 0.0
11340 0.0
11350 0.0
11360 0.0
11370 0.0
11380 0.0
11390 0.0
11400 0.0
11410 0.0
11420 0.0
11430 0.0
11440 0.0
11450 0.0
11460 0.0
11470 0.0
11480 0.0
11490 0.0
11500 0.0
11510 0.0
11520 0.0
11530 0.0
11540 0.0
11550 0.0
11560 0.0
11570 0.0
11580 0.0
11590 0.0
11600 0.0
11610 0.0
11620 0.0
11630 0.0
11640 0.0
11650 0.0
11660 0.0
11670 0.0
11680 0.0
11690 0.0
11700 0.0
11710 0.0
11720 0.0
11730 0.0
11740 0.0
11750 0.0
11760 0.0
11770 0.0
11780 0.0
11790 0.0
11800 0.0
11810 0.0
11820 0.0
11830 0.0
11840 0.0
11850 0.0
11860 0.0
11870 0.0
11880 0.0
11890 0.0
11900 0.0
11910 0.0
11920 0.0
11930 0.0
11940 0.0
11950 0.0
11960 0.0
11970 0.0
11980 0.0
11990 0.0
