91.1315
89.0092
84.458
81.9311
85.131
91.0892
93.9302
93.4611
92.1263
90.9276
89.1416
87.5982
85.8362
83.8016
80.3139
76.55
73.7185
73.2387
76.3967
81.4396
84.8184
85.5199
84.612
83.4438
82.1606
80.7324
79.9668
79.2305
78.1302
77.0694
76.7395
75.8355
74.9379
74.3963
73.8032
73.5797
72.2514
71.6168
70.9342
70.3032
69.4448
68.9136
68.1994
67.6776
66.7657
66.0658
65.9748
65.2374
64.3921
63.8453
63.4797
63.0486
62.2999
61.4133
61.0428
60.4439
59.9837
59.9295
59.3726
58.9005
58.2137
57.7455
57.41
56.648
56.179
55.7733
55.3033
54.8895
54.3751
53.0577
51.4863
50.9666
51.9409
52.4722
52.3033
52.1292
51.7472
51.2149
51.1255
50.5435
50.3533
49.858
49.4402
49.0649
48.9468
48.4409
48.2409
47.7923
47.6596
47.1951
46.9228
46.6931
46.7131
46.1113
45.7296
45.4822
45.4233
44.9605
44.6014
44.2951
44.2365
43.9052
43.5071
43.1199
43.1581
43.0012
42.5414
42.5663
42.4704
42.2941
41.9023
41.6582
41.1695
40.8093
40.7988
40.3502
40.0393
39.6241
39.617
39.3202
39.0874
38.6667
38.4181
37.7793
37.7524
37.6371
37.619
37.4575
37.505
37.1833
36.9338
36.9977
36.7474
36.9067
36.7755
36.7318
36.2378
35.9659
35.5936
35.7381
35.5171
35.2509
35.0003
34.78
34.6195
34.5365
34.2165
34.0095
33.9666
33.699
33.5408
33.3777
33.2086
33.117
32.8793
32.848
32.6987
32.5578
32.4133
32.2094
32.0729
31.9615
31.7255
31.5445
31.3602
31.0792
31.0255
30.9893
30.8925
30.967
30.8721
30.5445
30.2711
30.1231
30.1892
29.7387
29.6793
29.5377
29.477
29.4114
29.3462
29.2068
29.0748
28.9712
28.9001
28.709
28.6252
28.3848
27.9231
27.583
27.2855
26.975
27.2574
27.3218
27.4264
27.3469
27.1525
27.0531
26.8437
26.8374
26.879
26.5952
26.3386
26.4851
26.157
26.0646
26.0667
25.9345
25.9294
25.7747
25.8274
25.8672
25.7145
25.5137
25.3387
25.202
25.0818
24.9786
24.8908
24.575
24.8289
24.7543
24.7266
24.6584
24.2734
24.2843
24.2541
24.102
23.9886
23.9746
23.9669
23.8298
23.7354
23.6253
23.571
23.5988
23.4144
23.3567
23.1803
23.2758
23.1592
23.0642
22.9863
22.8804
22.7522
22.5697
22.4056
22.3592
22.318
22.2495
22.0977
22.0466
21.8603
21.9736
22.011
21.7449
21.8312
21.7306
21.6079
21.4418
21.4153
21.3107
21.4282
21.3275
21.2686
21.0984
20.891
20.9839
21.0943
21.1567
21.2173
21.4306
21.0935
20.8305
20.7779
20.6477
20.4555
20.197
20.2951
20.1824
20.1978
19.862
19.9227
19.824
19.8037
19.579
19.5641
19.4606
19.4275
19.5361
19.4714
19.4812
19.4178
19.2611
19.22
19.2263
19.1084
19.112
19.0336
18.9337
19.0023
19.0626
18.8291
18.7399
18.7358
18.5331
18.5969
18.4926
18.5221
18.5079
18.4233
18.354
18.3069
18.1906
18.2899
18.1755
18.126
18.0239
18.0708
18.0569
17.8722
17.8462
17.9036
17.822
17.607
17.6256
17.5768
17.4574
17.5559
17.5501
17.4536
17.3263
17.3253
17.2307
17.1084
17.1802
16.9823
16.9915
16.7812
16.8466
16.7575
16.7695
16.6356
16.6841
16.5246
16.2797
16.1796
16.0586
15.9547
15.922
15.8045
15.572
15.3817
15.2237
14.8071
14.5832
14.5039
14.3094
14.1699
14.0814
13.9536
14.0242
14.0572
14.2715
14.1673
14.4294
14.4962
14.6932
14.8387
14.9968
15.1073
15.2784
15.3471
15.2591
15.2473
15.2609
15.1893
15.2424
15.1078
15.1051
15.1917
15.3067
15.1407
15.1517
15.1525
15.2448
15.2441
15.1283
15.1308
14.955
14.9334
14.9526
14.8708
14.7489
14.7861
14.9054
14.7013
14.8017
14.6868
14.743
14.635
14.6056
14.4851
14.4589
14.496
14.5393
14.5867
14.5608
14.5785
14.4161
14.4857
14.4974
14.3996
14.4122
14.4503
14.4039
14.3067
14.3577
14.2714
14.3014
14.2359
14.2579
14.2168
14.1318
14.1829
14.1262
14.0069
13.9786
13.9924
13.9894
14.103
14.0749
14.1028
13.948
13.7943
13.906
14.1319
14.022
13.9752
13.9632
13.8916
13.7847
13.5917
13.606
13.5443
13.5548
13.5989
13.5407
13.5605
13.5889
13.4597
13.5148
13.3914
13.383
13.3461
13.2337
13.2443
13.1595
13.1981
13.1376
13.0653
13.0634
12.8585
12.5024
12.5136
12.78
12.9721
13.0248
13.0353
12.9044
13.0205
13.1273
12.9908
12.8999
13.0187
12.9102
12.7841
12.727
12.7252
12.7301
12.82
12.7672
12.7431
12.5958
12.45
12.1539
11.4711
11.1134
11.2164
11.7489
12.024
12.1808
12.2856
12.2561
12.435
12.4303
12.2918
12.3603
12.2823
12.3225
12.3764
12.3038
12.2762
12.209
12.2851
12.1636
12.2444
12.2177
12.0633
12.1124
12.2097
12.1646
12.0632
12.1821
12.0355
11.9818
11.9832
11.9369
12.0046
11.9369
11.923
11.8775
11.9018
11.7638
11.8071
11.8392
11.807
11.7645
11.7495
11.6893
11.659
11.7269
11.6699
11.7035
11.7039
11.649
11.7062
11.5982
11.7591
11.6302
11.5503
11.5676
11.5893
11.6226
11.5783
11.4649
11.4244
11.4421
11.3881
11.4114
11.4576
11.3574
11.3326
11.3798
11.3959
11.3327
11.3253
11.3352
11.2334
11.3552
11.3173
11.2304
11.23
11.1834
11.1479
11.112
11.1395
11.0957
11.0664
11.1432
11.0892
11.0634
11.1013
11.0234
11.0885
10.9962
11.0244
10.885
10.9845
11.1712
11.2031
11.1595
11.0639
11.0236
10.9521
10.9566
10.9149
10.7768
10.7286
10.7202
10.7723
10.6823
10.6522
10.6842
10.5881
10.5807
10.6643
10.5722
10.6614
10.6818
10.7764
11.0133
10.9951
10.8259
10.7739
10.5922
10.6262
10.487
10.4571
10.432
10.4604
10.3519
10.477
10.3979
10.3943
10.4964
10.5184
10.3812
10.2808
10.2381
10.2066
10.3461
10.1723
10.0133
9.8758
9.5252
9.2219
9.3619
9.6182
9.8818
9.9172
10.047
10.0033
10.0306
10.0851
10.0431
10.0203
9.995
10.0534
9.9326
9.9447
9.8889
9.9379
9.9695
9.9498
9.9825
9.9915
9.8782
9.8786
9.7325
9.8597
9.8728
9.8236
9.88
9.7322
9.7706
9.7602
9.7947
9.7772
9.7055
9.713
9.6923
9.6761
9.7906
9.7057
9.6252
9.4811
9.0955
8.5972
7.8302
7.6076
7.9951
8.6353
9.161
9.4552
9.6572
9.659
9.6439
9.5865
9.6947
9.5043
9.3816
9.4301
9.4994
9.39
9.4171
9.457
9.4454
9.3209
9.3028
9.4093
9.3842
9.4513
9.3554
9.2501
9.2334
9.2545
9.3302
9.4227
9.3989
9.4776
9.3189
9.3492
9.3182
9.2628
9.1525
9.2177
9.1761
9.1338
9.1431
9.0562
9.0324
9.1228
8.9926
9.1262
9.1517
9.0405
8.9663
8.969
8.9462
8.9325
8.9395
9.0271
8.9854
8.9859
8.8738
8.9366
8.9608
8.9382
8.8892
8.9485
8.8821
8.9131
8.8854
8.8755
8.8574
8.8496
8.8897
8.7914
8.7705
8.7918
8.8277
8.6833
8.6699
8.7278
8.8056
8.8052
8.8592
8.7969
8.8035
8.7255
8.6735
8.7083
8.7076
8.6454
8.7478
8.5972
8.5795
8.5166
8.555
8.6689
8.7097
8.7652
8.7519
8.5833
8.5617
8.5302
8.5482
8.5141
8.5074
8.5374
8.457
8.4111
8.3781
8.4419
8.4621
8.3966
8.3304
8.3841
8.4358
8.4204
8.3586
8.3979
8.3056
8.2713
8.2686
8.3738
8.2921
8.3461
8.2571
8.2909
8.2385
8.3549
8.3309
8.3195
8.3034
8.2479
8.2363
8.2281
8.2174
8.1808
8.2453
8.2308
8.155
8.1406
8.1812
8.1421
8.2058
8.1047
8.0604
8.1338
8.2058
8.0833
8.0656
8.0935
8.1099
8.1286
8.0243
8.0272
8.0272
7.9999
8.0261
7.9748
7.9818
7.9492
7.9151
7.9882
7.9558
7.9273
7.9467
7.9237
7.8689
7.8045
7.7652
7.8249
7.6516
7.6058
7.1917
6.711
6.1319
6.0483
6.2235
6.6532
7.0457
7.3634
7.5446
7.6483
7.6557
7.655
7.6471
7.6603
7.6896
7.6872
7.7484
7.7238
7.7323
7.72
7.6754
7.6679
7.7401
7.6748
7.6748
7.6988
7.6096
7.6262
7.6003
7.5971
7.6259
7.5462
7.6098
7.611
7.6293
7.4949
7.5369
7.5646
7.5857
7.6344
7.5673
7.6216
7.5931
7.5334
7.507
7.4626
7.4045
7.4563
7.5555
7.559
7.4485
7.5075
7.4216
7.3868
7.4271
7.4741
7.5164
7.5732
7.594
7.54
7.4808
7.4543
7.4757
7.4673
7.3979
7.3773
7.3444
7.3396
7.2864
7.3056
7.3358
7.3302
7.3224
7.2976
7.2634
7.3643
7.2779
7.2391
7.424
7.248
7.236
7.3095
7.2465
7.2155
7.173
7.2091
7.2179
7.1935
7.1977
7.1636
7.1317
7.1608
7.1965
7.1878
7.2192
7.2192
7.2919
7.2332
7.1787
7.1565
7.1839
7.1511
7.1604
7.1169
7.1
7.1099
7.0957
6.9854
7.0728
7.0768
7.0988
7.0889
7.139
7.1475
7.0791
7.1062
7.0137
6.9892
7.0932
7.0838
7.0251
6.9933
6.9995
6.9986
6.9598
6.9378
6.9835
6.9219
6.9364
6.9358
6.95
6.8808
6.9157
6.898
6.8966
6.8771
6.8259
6.8191
6.8904
6.8215
6.8063
6.9059
6.864
6.8981
6.9585
6.9209
6.9446
6.9732
6.8259
6.8306
6.7637
6.7818
6.8809
6.8572
6.8852
6.9549
7.0354
7.0527
6.9372
6.8697
6.8628
6.8378
6.8175
6.7495
6.737
6.7203
6.6774
6.6788
6.6256
6.7117
6.6677
6.6944
6.6745
6.6223
6.5602
6.6014
6.5734
6.5914
6.5805
6.5532
6.5136
6.4912
6.5445
6.5957
6.5351
6.5933
6.5615
6.486
6.5165
6.5458
6.5143
6.5207
6.569
6.4572
6.5594
6.5566
6.5968
6.5691
6.6325
6.5232
6.5173
6.4858
6.4351
6.4676
6.4711
6.4502
6.4793
6.3741
6.3685
6.3816
6.4089
6.3528
6.3854
6.3828
6.3893
6.3793
6.3042
6.316
6.393
6.2292
6.2746
6.2615
6.3392
6.2632
6.3403
6.2426
6.2193
6.2998
6.3183
6.2894
6.2431
6.2323
6.1824
6.1574
6.2482
6.2828
6.182
6.2321
6.1754
6.1887
6.2195
6.2204
6.211
6.2397
6.2473
6.1738
6.1979
6.1708
6.0469
6.1109
6.1969
6.192
6.1052
6.0739
6.0937
6.0857
6.1348
6.1078
6.0724
6.0841
6.1134
6.0261
6.0905
6.1044
6.0822
6.0618
6.0345
6.0594
6.0691
6.0795
6.0179
5.988
6.0424
6.0349
6.0039
5.9759
5.9614
5.9481
5.9496
5.8907
5.8782
5.8834
5.86
5.8909
5.9187
5.8047
5.8187
5.7793
5.6892
5.6057
5.442
5.1962
4.8444
4.3486
4.0254
3.6363
3.4182
3.2835
3.3357
3.5775
3.9462
4.3519
4.6601
5.0067
5.273
5.4489
5.5251
5.7258
5.7317
5.8334
5.9514
5.9545
5.9629
6.0471
6.022
5.9268
5.9437
5.9331
5.8657
5.857
5.8349
5.8958
5.8706
5.7854
5.8278
5.8832
5.8342
5.8084
5.8218
5.8859
5.85
5.8065
5.8333
5.7278
5.7516
5.7717
5.7281
5.7604
5.7806
5.7664
5.7279
5.7499
5.7317
5.7056
5.7049
5.6838
5.6891
5.7454
5.7574
5.665
5.665
5.6926
5.7424
5.6726
5.7261
5.775
5.7588
5.7536
5.8119
5.7349
5.6605
5.6266
5.6598
5.6054
5.58
5.5487
5.5923
5.5707
5.5841
5.6068
5.6436
5.5508
5.548
5.6291
5.5303
5.5618
5.5819
5.5284
5.5062
5.5423
5.5336
5.4926
5.5005
5.5855
5.5414
5.5421
5.5652
5.5123
5.5427
5.5573
5.514
5.5486
5.4818
5.4694
5.4877
5.4225
5.4548
5.4988
5.5305
5.4512
5.3956
5.4352
5.4689
5.4702
5.4703
5.4154
5.4399
5.4483
5.4528
5.3827
5.5233
5.4039
5.4397
5.4121
5.5232
5.5267
5.5522
5.4759
5.4455
5.5642
5.5236
5.4831
5.3932
5.4352
5.4164
5.3683
5.4493
5.3777
5.4266
5.4101
5.3497
5.3852
5.3509
5.3471
5.2927
5.2949
5.3356
5.2751
5.2993
5.3706
5.307
5.2914
5.2484
5.2467
5.1924
5.2671
5.2926
5.2551
5.2298
5.2377
5.2962
5.23
5.2331
5.2298
5.2733
5.1619
5.2035
5.2259
5.2735
5.2084
5.2976
5.2654
5.2062
5.1664
5.1626
5.2237
5.2256
5.2616
5.1857
5.0793
5.1742
5.13
5.0471
5.1664
5.1335
5.1236
5.1863
5.173
5.1232
5.1013
5.0878
5.1073
5.0904
5.1225
5.1433
5.0983
5.126
5.1472
5.0383
5.0903
5.1293
5.1103
5.0261
5.0253
5.0128
5.067
5.1169
5.0538
5.0293
5.0612
5.0063
5.0445
5.0305
5.0023
5.0683
5.045
5.016
5.0295
5.0399
5.0361
5.048
4.9829
5.0233
4.9731
5.0192
5.0044
4.897
4.9915
4.9922
4.9937
5.0364
4.9437
4.9749
5.0368
4.9752
4.9628
4.9474
4.9685
4.9472
4.9157
4.943
5.0211
4.9822
4.9598
4.9346
4.9164
4.9358
4.8985
4.8811
4.9437
4.9324
4.9373
4.9113
4.8646
4.8322
4.8028
4.8936
4.8924
4.8849
4.8503
4.8094
4.8194
4.8423
4.779
4.8525
4.834
4.8633
4.8463
4.8559
4.8896
4.8477
4.8294
4.8097
4.8192
4.8334
4.7574
4.7983
4.7571
4.8475
4.7928
4.8143
4.8321
4.7903
4.8299
4.7796
4.8125
4.7843
4.827
4.8787
4.8412
4.7847
4.7512
4.8026
4.808
4.7473
4.8083
4.7618
4.7749
4.7538
4.7637
4.7294
4.7379
4.7557
4.701
4.7143
4.6742
4.7582
4.6801
4.6574
4.6757
4.656
4.6783
4.7068
4.7213
4.6934
4.6736
4.6878
4.7175
4.7001
4.7464
4.7582
4.7778
4.8437
4.8483
4.8366
4.8604
4.8827
4.9025
4.8425
4.8177
4.8505
4.8139
4.7873
4.7545
4.6907
4.6899
4.7152
4.6976
4.6472
4.5743
4.5929
4.5613
4.4894
4.5092
4.5519
4.5456
4.5501
4.5133
4.564
4.5603
4.5498
4.5826
4.5328
4.5606
4.4655
4.471
4.4933
4.5137
4.5262
4.4667
4.4859
4.468
4.4642
4.4599
4.4586
4.4804
4.4787
4.3824
4.3492
4.4023
4.3439
4.306
4.2868
4.1644
4.0175
3.8356
3.5459
3.2991
3.0148
2.7492
2.5744
2.4742
2.3604
2.2675
2.2318
2.2833
2.3617
2.5493
2.85
3.0644
3.3413
3.6623
3.7539
3.946
4.0303
4.1269
4.2114
4.2848
4.263
4.2545
4.3218
4.3631
4.3887
4.3876
4.3409
4.3634
4.3368
4.3315
4.3338
4.3535
4.2797
4.3743
4.3525
4.3689
4.3708
4.3783
4.4395
4.3835
4.335
4.4448
4.4227
4.3487
4.3563
4.4433
4.404
4.3885
4.4062
4.4183
4.4047
4.3928
4.3583
4.4084
4.3493
4.4164
4.374
4.3208
4.2587
4.2845
4.3412
4.2931
4.3027
4.3967
4.3383
4.4025
4.3495
4.2853
4.3051
4.2872
4.3082
4.2699
4.2986
4.3998
4.3135
4.335
4.3589
4.3268
4.317
4.237
4.3149
4.3077
4.29
4.3214
4.3055
4.3035
4.3541
4.3104
4.3077
4.2976
4.2676
4.3317
4.2869
4.2373
4.2613
4.2484
4.1982
4.2157
4.3386
4.2439
4.2302
4.2703
4.2263
4.2125
4.2267
4.2176
4.2425
4.1878
4.2342
4.2854
4.1901
4.1788
4.1845
4.1949
4.2151
4.1977
4.2226
4.1878
4.2664
4.1707
4.142
4.1838
4.205
4.1776
4.2119
4.2007
4.2051
4.2062
4.198
4.1573
4.1444
4.1338
4.1899
4.1603
4.129
4.2257
4.1349
4.1644
4.1528
4.0757
4.0917
4.1707
4.1332
4.1348
4.0785
4.1399
4.1076
4.0961
4.121
4.1099
4.1075
4.1069
4.1217
4.0857
4.1355
4.1023
4.0416
4.1332
4.0913
4.095
4.0763
4.1174
4.0933
4.0541
4.1021
4.0764
4.0797
4.0658
4.1172
4.0902
4.0714
4.1032
4.1193
4.1272
4.1293
4.1631
4.2093
4.2033
4.2259
4.2082
4.204
4.1666
4.2076
4.1722
4.1635
4.1681
4.143
4.1593
4.0368
4.0933
4.0717
4.0567
4.0546
4.0263
4.0236
4.0472
3.9662
4.0294
4.0194
3.9957
3.9447
3.986
4.0027
3.9684
3.955
3.9774
4.0036
3.9867
4.0063
3.9528
4.001
3.9838
3.9721
3.9496
3.9142
3.9221
3.9897
3.9754
3.9375
3.931
3.8863
3.9443
3.9455
3.9493
3.9306
3.8544
3.8682
3.906
3.8823
3.8897
3.8831
3.9419
3.9245
3.906
3.9908
3.9164
3.907
3.9202
3.9313
3.9239
3.8896
3.8824
3.8614
3.8226
3.8547
3.9025
3.8488
3.8806
3.848
3.8867
3.8411
3.8695
3.8881
3.8641
3.8562
3.8731
3.8475
3.8369
3.8496
3.8473
3.8201
3.901
3.8659
3.8616
3.8382
3.873
3.8028
3.87
3.8386
3.8027
3.8131
3.8213
3.83
3.7848
3.8306
3.7773
3.7582
3.7838
3.7956
3.8233
3.8241
3.8274
3.827
3.8313
3.7696
3.7923
3.7862
3.742
3.7729
3.7774
3.7616
3.799
3.8136
3.7785
3.7296
3.7751
3.8052
3.8111
3.771
3.7469
3.7914
3.7626
3.7652
3.7736
3.8205
3.8284
3.773
3.7381
3.7528
3.7971
3.7965
3.763
3.7429
3.7585
3.7481
3.7517
3.7904
3.7683
3.7181
3.7117
3.7038
3.7146
3.7071
3.7585
3.7014
3.7167
3.719
3.7048
3.7016
3.6847
3.63
3.6938
3.6839
3.7027
3.698
3.6937
3.6885
3.7034
3.6761
3.6955
3.7079
3.6653
3.6995
3.6576
3.6654
3.6631
3.6765
3.6568
3.655
3.6649
3.5872
3.6595
3.6542
3.6415
3.6182
3.6552
3.6487
3.6194
3.6056
3.664
3.6695
3.6927
3.6779
3.6533
3.6588
3.6387
3.6119
3.6275
3.5713
3.6259
3.6138
3.6204
3.628
3.5729
3.6132
3.6069
3.647
3.6296
3.6211
3.6276
3.6017
3.5746
3.5511
3.5892
3.5358
3.5984
3.5777
3.5547
3.55
3.5608
3.578
3.5917
3.5781
3.5706
3.5892
3.5885
3.5435
3.5609
3.6062
3.6006
3.5642
3.5792
3.5001
3.5385
3.5642
3.5525
3.4912
3.5414
3.5598
3.5846
3.5377
3.5526
3.53
3.5303
3.5632
3.5408
3.5281
3.5614
3.5482
3.5346
3.5304
3.5153
3.5477
3.5316
3.5148
3.5481
3.524
3.5081
3.5393
3.5622
3.537
3.5702
3.5024
3.5184
3.4925
3.5078
3.4836
3.4825
3.5233
3.4981
3.4898
3.5137
3.4939
3.4898
3.5146
3.4637
3.4773
3.425
3.5372
3.4579
3.5049
3.4898
3.4956
3.4589
3.4788
3.4291
3.5154
3.4877
3.4684
3.481
3.4837
3.4286
3.3751
3.397
3.38
3.4116
3.424
3.4195
3.4592
3.4456
3.4411
3.481
3.4077
3.4441
3.4291
3.4059
3.4344
3.434
3.4608
3.4389
3.4222
3.4212
3.4205
3.4645
3.4218
3.4595
3.4126
3.4128
