1.7521	
1.7479	
1.7395	
1.7462	
1.8009	
1.7234	
1.7462	
1.7366	
1.7613	
1.7673	
1.7948	
1.7739	
1.7275	
1.7920	
1.7929	
1.7763	
1.7915	
1.8362	
1.7756	
1.7892	
1.8209	
1.7744	
1.8003	
1.7669	
1.7578	
1.7859	
1.7750	
1.8071	
1.7595	
1.7941	
1.8101	
1.7953	
1.7538	
1.7388	
1.7941	
1.7613	
1.7827	
1.7582	
1.7752	
1.8015	
1.7416	
1.7856	
1.7292	
1.8253	
1.7835	
1.8682	
1.7922	
1.8130	
1.7366	
1.7703	
1.7796	
1.7644	
1.7762	
1.7867	
1.8060	
1.7657	
1.7438	
1.7647	
1.8119	
1.8063	
1.7813	
1.7516	
1.7697	
1.8012	
1.7732	
1.7465	
1.7674	
1.7378	
1.7676	
1.7388	
1.8536	
1.7634	
1.7453	
1.7692	
1.7645	
1.7526	
1.7370	
1.7464	
1.7626	
1.7504	
1.7796	
1.7966	
1.7383	
1.8145	
1.7828	
1.7559	
1.7876	
1.7879	
1.7806	
1.7917	
1.8088	
1.7607	
1.7719	
1.7882	
1.7955	
1.8574	
1.7813	
1.8138	
1.8083	
1.8024	
1.8376	
1.8636	
1.8845	
1.8699	
1.8399	
1.8252	
1.9178	
1.9648	
1.8991	
1.9166	
1.9034	
2.0271	
2.0142	
2.0401	
2.1222	
2.0850	
2.1003	
2.1771	
2.1657	
2.1835	
2.3040	
2.3660	
2.4307	
2.4252	
2.5934	
2.5791	
2.7660	
2.8269	
2.8786	
3.1008	
3.2101	
3.3498	
3.5842	
3.7233	
4.0162	
4.4909	
4.8317	
5.2472	
5.7696	
6.5301	
7.7390	
12.4245	
25.3780	
41.6500	
58.9316	
75.8115	
92.6961	
109.4034	
125.6329	
143.0529	
159.4424	
175.1416	
191.7703	
207.1114	
223.2886	
238.9669	
255.1400	
270.1217	
285.5327	
298.7869	
311.7914	
317.1484	
317.3362	
316.1858	
316.5085	
316.2245	
316.7582	
317.2413	
316.9031	
317.0602	
316.4254	
317.3185	
316.7273	
317.7513	
316.5202	
316.0976	
316.6971	
317.5387	
316.6643	
316.0809	
315.7733	
315.9206	
315.2897	
316.2115	
315.7579	
315.9175	
316.8394	
315.3286	
316.8565	
316.5671	
315.7701	
315.7606	
315.3334	
314.9115	
314.7136	
315.2772	
314.8259	
314.3502	
314.7165	
314.5078	
315.1672	
314.5140	
315.4971	
315.0470	
314.6222	
314.9799	
315.9981	
312.8863	
313.2356	
315.3690	
316.4749	
315.2584	
316.2435	
316.9373	
320.4537	
320.9456	
321.9158	
321.3158	
321.9790	
323.2519	
322.5418	
322.5170	
322.3836	
322.8725	
322.1459	
323.4554	
322.9537	
323.7581	
323.8004	
322.4554	
323.6049	
323.5898	
324.2400	
324.3723	
324.8535	
324.1714	
325.1285	
325.3297	
324.0493	
323.9254	
323.9694	
324.4492	
325.6031	
325.5083	
324.8511	
325.5606	
325.0722	
327.7642	
327.1133	
328.2477	
329.8864	
330.9038	
331.1587	
331.0053	
332.5129	
332.9230	
332.4372	
331.7599	
331.9818	
332.5096	
333.3954	
334.0647	
334.2299	
332.9492	
332.6211	
334.0304	
334.6446	
333.8581	
334.4040	
334.2557	
333.5795	
333.3537	
334.6742	
335.8471	
334.9958	
336.0028	
336.0966	
336.9466	
337.9392	
338.2782	
338.4589	
338.6357	
338.6122	
337.8979	
338.9259	
338.3719	
338.8772	
338.7356	
338.9240	
338.8098	
339.4545	
339.1227	
341.1129	
340.9454	
341.9417	
342.5882	
342.7463	
343.2361	
343.4231	
345.3520	
346.3996	
345.8547	
346.9744	
346.0942	
346.3873	
346.1192	
346.5694	
347.3218	
349.1382	
348.8985	
351.7777	
353.9472	
354.7922	
356.0903	
356.9178	
357.9573	
358.0774	
359.5096	
358.5300	
360.0846	
359.8774	
360.4972	
360.1430	
360.7834	
361.3149	
360.3349	
360.9833	
362.0538	
363.9431	
366.9014	
367.6155	
369.1125	
369.3242	
368.8057	
370.4569	
370.8762	
370.1578	
368.9887	
371.8649	
371.0046	
371.3588	
417.0128	
408.0269	
387.1267	
388.0261	
387.3879	
388.3901	
388.1744	
388.2294	
388.0051	
389.6365	
390.0525	
390.4610	
393.6014	
396.4078	
397.8095	
398.3145	
399.9652	
400.8283	
402.3303	
402.1848	
403.5706	
402.0314	
403.5506	
403.4831	
403.8073	
405.1943	
405.0218	
406.2318	
406.5410	
407.6457	
409.2774	
408.8683	
409.3366	
409.7322	
409.7985	
409.9105	
410.4757	
410.7007	
410.6360	
410.9014	
410.9285	
411.9394	
411.5014	
412.0978	
412.7090	
412.6201	
412.9091	
413.5500	
412.7068	
413.4695	
413.1006	
412.5696	
412.8372	
413.4136	
413.8423	
414.3816	
413.4274	
412.5792	
413.3325	
413.2515	
415.0290	
416.0821	
418.0053	
417.9102	
418.0057	
418.6943	
420.0548	
420.4412	
420.0648	
420.5621	
421.0356	
421.8151	
422.4754	
421.1678	
421.3929	
420.4177	
421.2142	
421.4771	
423.7801	
423.1857	
423.7961	
423.9552	
423.9916	
424.7438	
423.7401	
425.0910	
425.1399	
425.8803	
424.9868	
423.6762	
423.3736	
422.6891	
423.1020	
424.0183	
423.4714	
422.6961	
423.1762	
423.1550	
423.0400	
423.4987	
423.2444	
425.1175	
425.4859	
424.9069	
425.6541	
426.2832	
424.3577	
422.9596	
423.3398	
422.1483	
422.5921	
422.8435	
421.0638	
420.7656	
421.6885	
422.9920	
423.6121	
424.6935	
423.3259	
424.0266	
424.1251	
424.2047	
422.3715	
422.1526	
422.9710	
421.9145	
420.7791	
422.5700	
422.5197	
424.5642	
423.9645	
423.6306	
423.9835	
425.1031	
425.3174	
425.6138	
426.1790	
426.3380	
425.4106	
426.6678	
426.5080	
427.0044	
426.7697	
425.9869	
425.4108	
426.3964	
425.3331	
424.3527	
423.5639	
424.0775	
423.3715	
423.6918	
425.0181	
423.8253	
423.2893	
422.4132	
421.7911	
420.3359	
421.8130	
419.1333	
418.5659	
418.4256	
418.5396	
417.1467	
415.9750	
414.0706	
415.1655	
417.9866	
419.8246	
422.2169	
424.5357	
429.2607	
434.3318	
438.3029	
439.5229	
439.5868	
440.2219	
441.3252	
441.3900	
442.6582	
443.0490	
442.0693	
442.4050	
440.9846	
442.1323	
441.5537	
441.7688	
440.7945	
441.3502	
442.9654	
442.3921	
442.4082	
444.6031	
443.7896	
444.3169	
443.7487	
441.9877	
441.7115	
440.3802	
440.1820	
438.3214	
439.5889	
436.1080	
436.1674	
433.9164	
434.7838	
433.9408	
434.2808	
434.7944	
434.0986	
432.5418	
433.2525	
432.0602	
432.2529	
430.6354	
431.3711	
430.7387	
428.7867	
427.5350	
427.5321	
426.2900	
425.3351	
425.8647	
423.9037	
423.4383	
423.6553	
422.4085	
421.6120	
420.6261	
421.0111	
419.6378	
419.0218	
419.3895	
418.8401	
417.1625	
417.2979	
416.7848	
416.9453	
415.6252	
413.2509	
412.8435	
413.0760	
412.9879	
410.9527	
413.4156	
412.0020	
411.9395	
412.6718	
413.3395	
411.2079	
411.5363	
411.8098	
409.5889	
409.7175	
409.0605	
409.0198	
408.5934	
407.6596	
406.8403	
405.4685	
405.0680	
404.6021	
404.2942	
403.0921	
402.7240	
401.7486	
400.4985	
399.2881	
399.0120	
397.8737	
397.3112	
396.4357	
395.2009	
394.2380	
394.2256	
394.5519	
393.6285	
393.9033	
392.3455	
392.3509	
391.2018	
391.6489	
389.7446	
390.0142	
390.7284	
389.4918	
389.8853	
389.1225	
389.2605	
387.9599	
387.4085	
385.7148	
386.6078	
386.1862	
383.9832	
383.8619	
384.1703	
381.8534	
380.9818	
380.3358	
380.1698	
378.7485	
378.5151	
378.1821	
376.7955	
376.5367	
376.2138	
376.4107	
375.1796	
374.8647	
373.9951	
372.0566	
370.7757	
370.1200	
368.9177	
367.8723	
367.9574	
367.1140	
367.1143	
366.8714	
364.5280	
363.3404	
362.8049	
362.7074	
360.1701	
359.6534	
358.4592	
356.6885	
356.6053	
354.4621	
354.5074	
355.6135	
357.5788	
361.5410	
363.4295	
364.1159	
364.7545	
366.0941	
365.5457	
365.8606	
365.6059	
365.9594	
366.5175	
365.9696	
365.3564	
365.3990	
365.4050	
364.5578	
364.5969	
364.0991	
363.4110	
362.8311	
362.4560	
362.8187	
360.5229	
361.0831	
361.1720	
360.3417	
359.0243	
358.2436	
357.3757	
356.4007	
356.5218	
356.0473	
354.9349	
354.6459	
354.7138	
354.2929	
354.3582	
353.4856	
352.1109	
351.4911	
351.2947	
351.2277	
350.9809	
350.2517	
349.5327	
349.9865	
349.7199	
349.0665	
348.6153	
347.4747	
345.7754	
345.3807	
343.9823	
343.1541	
342.2905	
341.8302	
340.9162	
340.2495	
338.8114	
338.7330	
338.1345	
337.4019	
336.8983	
336.9496	
335.1673	
335.2296	
335.9340	
334.8322	
365.4643	
352.8593	
331.0023	
328.6765	
327.7643	
326.6243	
325.0303	
324.3176	
324.1376	
322.1482	
321.6055	
321.4989	
321.6265	
320.3370	
319.4459	
318.7517	
316.6547	
316.3876	
316.1812	
314.2982	
314.4075	
314.4368	
313.3520	
313.7376	
313.0051	
312.6227	
312.2155	
310.2338	
310.6709	
310.5321	
309.6999	
309.2377	
308.6880	
307.9556	
306.6823	
306.3622	
306.1015	
306.0149	
305.4808	
305.2229	
302.4263	
301.2107	
300.3772	
299.3537	
299.2192	
298.6371	
298.3267	
297.4747	
297.3518	
296.5982	
296.7396	
296.3528	
295.4493	
294.2519	
293.6757	
294.1688	
294.2860	
293.7980	
294.1325	
293.6357	
293.7245	
292.3559	
292.0988	
292.7162	
291.5919	
291.9114	
290.8289	
290.8831	
290.1183	
290.5685	
288.2912	
288.3010	
288.3913	
287.6550	
287.1627	
286.4734	
286.3826	
286.7940	
286.5199	
285.2724	
284.2321	
284.1739	
283.1028	
281.8320	
281.6611	
281.9471	
282.8442	
280.8466	
279.5276	
280.2966	
280.1205	
277.9301	
278.2729	
278.9261	
277.8802	
277.2650	
276.7892	
276.9239	
275.6451	
274.9918	
274.7600	
274.7654	
274.4641	
274.2008	
272.2704	
272.3080	
272.6762	
270.6671	
269.7701	
269.4444	
268.8360	
268.9744	
267.9218	
268.0737	
268.7410	
267.9506	
267.3021	
267.5916	
265.3413	
266.8104	
265.8283	
264.9514	
264.5580	
263.1775	
262.6638	
261.8445	
261.6118	
260.7361	
260.2748	
259.5677	
259.6183	
259.7263	
259.8572	
259.4541	
258.6146	
259.0153	
257.4120	
257.4866	
256.9752	
256.3943	
256.0399	
254.5940	
253.6776	
253.9316	
253.6411	
253.2532	
253.1149	
252.7948	
252.9396	
252.5540	
252.5790	
251.7946	
251.4500	
252.1437	
250.5609	
249.7715	
250.5951	
249.5262	
248.1957	
248.5263	
247.6883	
247.2242	
247.0933	
245.7949	
246.3158	
246.1926	
245.5679	
246.1590	
245.6129	
244.7572	
244.6762	
244.6070	
243.6498	
243.1589	
244.0509	
242.6893	
241.9338	
242.0159	
241.8876	
241.6530	
241.8855	
240.9377	
240.9308	
239.7677	
239.9554	
238.5632	
237.6222	
236.6081	
237.2418	
236.5258	
235.6035	
235.9552	
235.4923	
235.9070	
234.5725	
234.3878	
234.2287	
233.6459	
232.6590	
233.1420	
231.4566	
231.8264	
231.7587	
231.3793	
230.8046	
230.0196	
229.6848	
229.3678	
228.2208	
227.0935	
226.1278	
225.2515	
224.7367	
223.7152	
222.2548	
222.8022	
222.2965	
221.7566	
221.4816	
220.9158	
220.5572	
219.1786	
219.2735	
218.4412	
218.1431	
218.1749	
218.1511	
218.3038	
217.2233	
216.8200	
217.2196	
215.5349	
215.6888	
216.1791	
214.7415	
214.0739	
213.7830	
213.5135	
214.1223	
213.5475	
213.0879	
211.8343	
211.4938	
211.1933	
211.1435	
210.8540	
208.7438	
208.7908	
207.5765	
207.3959	
206.7756	
206.9427	
207.5232	
206.0353	
206.7960	
207.5914	
205.2024	
205.4529	
204.8175	
204.4645	
204.6158	
204.0688	
203.3574	
203.3432	
202.3911	
201.5863	
201.2864	
200.0286	
200.1216	
199.4457	
198.9511	
198.1559	
197.2117	
196.6783	
196.4366	
196.1024	
194.6181	
194.4373	
194.9956	
193.6912	
193.7123	
193.0365	
191.2886	
192.0418	
191.0488	
191.1959	
191.8209	
191.4751	
191.7217	
190.8782	
190.9059	
190.9780	
189.8409	
189.2481	
188.7997	
187.8776	
186.0116	
184.5982	
183.3263	
183.2530	
183.3052	
183.0057	
183.2448	
182.9320	
182.7914	
183.0076	
182.8604	
181.4263	
181.3467	
180.8006	
180.7594	
179.8571	
179.6060	
179.2239	
178.0916	
176.8926	
176.4234	
175.1993	
173.9067	
173.6133	
172.3061	
171.1614	
171.3535	
171.3440	
170.4639	
170.5093	
170.1165	
169.4447	
170.1960	
168.9239	
167.6546	
166.2769	
165.4751	
163.3039	
161.9307	
161.4440	
161.2358	
161.7275	
161.5153	
161.4050	
160.3928	
159.7440	
159.5390	
158.7262	
158.6829	
157.3757	
157.8616	
156.5341	
156.2010	
155.2062	
155.0806	
155.1127	
157.4384	
161.0689	
165.2756	
169.1807	
173.2146	
176.5700	
178.6590	
180.9832	
182.1730	
183.4647	
185.5422	
185.4549	
186.4526	
186.2398	
187.0927	
186.8934	
186.9701	
187.2708	
187.4946	
187.3591	
186.2755	
187.4895	
187.2388	
186.4579	
186.7177	
187.0315	
186.6932	
186.0600	
186.9197	
186.6323	
186.0944	
186.4111	
185.2194	
185.6621	
184.1179	
184.3397	
184.0520	
183.5935	
183.4674	
183.4341	
183.2979	
183.1116	
182.6682	
182.1696	
183.0977	
182.0241	
181.3464	
182.3434	
181.7403	
181.2601	
181.1037	
180.9301	
180.1788	
179.7316	
180.4034	
179.4051	
178.5506	
178.0509	
177.8367	
177.2435	
177.0415	
176.7023	
174.7308	
175.0220	
175.7456	
175.2383	
175.2859	
174.3080	
174.6762	
175.0910	
174.8213	
174.6014	
174.7316	
174.1528	
173.5027	
174.0825	
171.7423	
171.0746	
171.1654	
170.9165	
170.3428	
170.9129	
174.7894	
173.1050	
172.0523	
171.6026	
171.4297	
170.4890	
169.7670	
169.9327	
168.7915	
168.3000	
168.5890	
168.5821	
167.9791	
166.6652	
166.5933	
166.6010	
166.7606	
166.4186	
165.7043	
166.8797	
166.4161	
166.5593	
166.3700	
166.1225	
165.4801	
165.8127	
165.6218	
165.4034	
164.7984	
164.4082	
164.8606	
164.0389	
164.0853	
164.1398	
163.3892	
162.5497	
162.5724	
162.6515	
162.3877	
162.5063	
162.5896	
161.3471	
162.1028	
160.8785	
160.8180	
160.4442	
160.0860	
160.1294	
160.7784	
160.7699	
162.0295	
162.5357	
163.4276	
165.1579	
166.3848	
167.4782	
169.7377	
170.8089	
172.7729	
174.2442	
174.8006	
177.2258	
177.5504	
178.8006	
179.0836	
179.2787	
180.3781	
180.4273	
180.6335	
180.7979	
180.9659	
180.6867	
181.6597	
181.6774	
182.1409	
180.3619	
181.8367	
180.3921	
180.6889	
180.3878	
179.9917	
179.8217	
178.5451	
178.0419	
177.8336	
177.4703	
176.6395	
176.3555	
175.3607	
175.4425	
175.1551	
173.8447	
174.3257	
173.5072	
172.6040	
171.8490	
170.7125	
170.4191	
170.4333	
170.0240	
169.5945	
169.0066	
170.0435	
170.9822	
171.3336	
171.8318	
170.6489	
170.4164	
168.8637	
166.9172	
167.2208	
165.3633	
165.4334	
164.8199	
163.2476	
162.8737	
161.5418	
161.1541	
159.5609	
159.3798	
158.2271	
156.3966	
155.1696	
154.3626	
153.5955	
152.6504	
151.9945	
151.3572	
150.9375	
150.8153	
150.0194	
149.3489	
148.8745	
148.1920	
146.8784	
146.7377	
144.9820	
143.8918	
142.8469	
142.0337	
140.4855	
139.2169	
137.5072	
136.8843	
134.8046	
132.8867	
130.9112	
128.5543	
125.3410	
121.9965	
118.7874	
116.3211	
113.1546	
111.8207	
108.4731	
105.8115	
103.4595	
101.0200	
98.4305	
95.3058	
93.4535	
90.0156	
87.1437	
83.8729	
80.7825	
76.5085	
70.6597	
63.9197	
57.4673	
50.0141	
43.1889	
36.6770	
30.3540	
24.2789	
18.4673	
13.7251	
9.4711	
6.4617	
4.7947	
4.4264	
4.3008	
4.2240	
4.2159	
4.0811	
4.0433	
3.9634	
3.9130	
3.7833	
3.7534	
3.6748	
3.6110	
3.4369	
3.4936	
3.4841	
3.3522	
3.3665	
3.3004	
3.2148	
3.1950	
3.1101	
3.1562	
3.0739	
2.9680	
3.0042	
2.9239	
2.8902	
2.8069	
2.8073	
2.7247	
2.7492	
2.7383	
2.6836	
2.6036	
2.5864	
2.6267	
2.5831	
2.4993	
2.5763	
2.4485	
2.4681	
2.4284	
2.5001	
2.3897	
2.3207	
2.3139	
2.3888	
2.3723	
2.2905	
2.3046	
2.3374	
2.2459	
2.2381	
2.1710	
2.2206	
2.1493	
2.1683	
2.1392	
2.0713	
2.1538	
2.0943	
2.0613	
2.0830	
2.0909	
2.1398	
2.0228	
2.1124	
2.0461	
2.0520	
2.0303	
2.0418	
2.0474	
2.0125	
1.9926	
1.9741	
1.9533	
1.9750	
1.9998	
1.9336	
1.9677	
1.9368	
1.9398	
1.9364	
1.8603	
1.9557	
1.9360	
1.8609	
1.8789	
1.9036	
1.9030	
1.9012	
1.8697	
1.8875	
1.8600	
1.7943	
1.8052	
1.8338	
1.8098	
1.8532	
1.7813	
1.7813	
1.7823	
1.7895	
1.8209	
1.7483	
1.7766	
1.7784	
1.7456	
1.7587	
1.7443	
1.7833	
1.8128	
1.7941	
1.7490	
1.7579	
1.7057	
1.7425	
1.7391	
1.7597	
1.7214	
1.7178	
1.6659	
1.7435	
1.7315	
1.7242	
1.7603	
1.7075	
1.7606	
