1.7138	
1.6915	
1.7562	
1.7277	
1.7176	
1.6935	
1.7322	
1.7586	
1.7549	
1.7053	
1.7296	
1.7533	
1.7148	
1.7820	
1.7832	
1.7592	
1.7346	
1.7289	
1.7606	
1.7022	
1.7070	
1.7184	
1.7612	
1.7786	
1.7212	
1.8184	
1.7643	
1.7115	
1.6828	
1.7337	
1.7465	
1.7396	
1.7193	
1.7611	
1.7277	
1.7406	
1.7321	
1.7538	
1.7674	
1.7446	
1.7401	
1.7031	
1.7833	
1.7512	
1.7300	
1.8023	
1.7438	
1.7226	
1.7793	
1.7246	
1.7376	
1.7058	
1.7052	
1.7573	
1.7421	
1.7592	
1.7646	
1.7562	
1.7736	
1.7465	
1.6957	
1.6937	
1.6989	
1.7857	
1.7629	
1.7252	
1.7875	
1.7248	
1.7162	
1.7119	
1.7195	
1.7847	
1.6990	
1.7888	
1.7433	
1.7435	
1.7424	
1.6954	
1.7450	
1.7536	
1.7136	
1.7451	
1.7505	
1.7542	
1.7277	
1.7390	
1.8151	
1.8014	
1.7326	
1.7186	
1.7807	
1.7967	
1.7784	
1.7931	
1.7854	
1.8261	
1.7648	
1.7381	
1.8142	
1.8533	
1.8350	
1.8090	
1.8440	
1.8998	
1.8539	
1.8716	
1.8691	
1.9468	
1.9014	
1.9926	
1.9476	
1.9856	
2.0285	
1.9933	
2.1004	
2.1366	
2.2284	
2.2237	
2.2248	
2.3225	
2.3817	
2.4684	
2.5344	
2.6760	
2.7698	
2.9055	
2.9572	
3.0728	
3.2956	
3.4052	
3.5338	
3.8560	
4.0097	
4.4156	
4.6878	
5.1395	
5.7359	
6.4277	
7.5332	
9.9846	
18.9114	
34.7890	
51.5490	
67.9799	
85.4848	
102.0330	
118.0296	
135.3316	
151.9458	
168.1198	
185.2002	
200.8131	
217.2713	
232.4096	
249.2537	
264.8796	
281.3213	
297.8907	
312.2125	
324.0948	
327.7442	
328.3159	
327.6443	
328.2178	
328.4086	
327.8180	
328.3700	
328.7427	
329.0001	
328.6369	
329.1132	
328.2699	
328.8499	
327.9830	
328.0292	
327.9592	
327.6298	
327.5660	
327.2775	
326.5110	
327.3602	
327.7035	
327.4500	
326.1064	
326.8717	
326.9714	
326.6682	
326.2768	
326.8583	
327.4189	
328.2227	
326.5789	
325.5562	
325.1501	
325.5795	
327.2108	
327.3064	
326.8608	
324.9181	
325.5364	
325.8698	
325.6341	
325.9573	
326.9040	
326.7861	
327.3746	
327.2476	
325.7527	
326.3481	
327.0413	
327.1020	
328.1026	
327.7685	
328.9999	
331.4375	
332.5869	
334.4048	
334.5342	
334.6033	
335.3985	
335.0488	
336.3067	
336.1833	
335.9671	
335.4535	
336.0652	
335.5094	
335.8526	
334.4682	
334.9970	
334.7942	
336.2325	
335.9261	
336.2762	
337.7859	
336.2631	
336.9130	
337.3441	
337.0428	
336.6060	
336.4068	
336.8103	
337.3210	
337.9390	
337.7472	
338.3103	
338.3311	
339.5085	
339.9408	
342.2998	
344.2368	
344.7558	
345.9278	
346.0879	
345.2903	
347.6279	
346.4972	
347.1165	
346.5754	
345.8825	
344.4797	
347.5127	
345.4676	
346.1416	
347.2905	
347.1781	
347.8725	
347.6380	
348.3200	
348.8600	
348.4631	
348.2007	
349.2552	
349.3155	
350.4203	
350.3987	
350.4928	
350.9109	
351.8377	
352.2293	
352.2206	
353.0046	
351.6573	
354.0281	
354.0177	
354.4878	
353.9542	
354.0872	
353.9249	
354.4072	
355.8734	
355.1291	
355.8941	
356.2596	
356.1910	
356.2625	
357.2482	
356.7718	
358.1935	
360.6319	
360.8176	
361.7200	
361.8189	
361.2684	
361.7426	
362.4924	
361.7548	
362.3531	
362.3940	
364.4048	
367.2567	
369.1284	
370.6790	
370.9980	
373.7778	
374.6338	
375.2787	
376.1832	
375.3489	
376.5399	
376.3926	
376.9734	
377.4625	
378.2201	
377.0486	
377.7155	
377.1840	
379.3091	
382.0040	
384.0586	
386.3799	
387.6045	
386.7790	
387.4243	
388.1236	
387.7114	
389.1340	
389.8848	
389.4007	
389.8329	
391.2324	
438.2583	
431.8440	
410.4826	
409.8745	
410.3839	
410.2763	
408.5977	
410.2169	
410.5029	
410.9800	
411.0829	
412.6286	
416.2911	
418.4970	
420.3473	
420.4144	
421.6843	
422.3908	
423.8594	
426.4312	
425.7992	
426.9603	
426.2604	
427.1527	
427.8030	
428.9398	
429.0469	
429.5500	
430.7200	
430.0857	
429.9299	
431.5829	
432.3748	
432.4281	
433.4171	
433.3876	
433.9899	
434.1420	
436.5189	
435.1125	
436.5720	
436.5714	
437.0305	
437.4625	
437.4384	
437.3260	
438.5122	
439.2080	
437.9490	
437.7834	
438.4569	
439.3297	
439.3776	
439.3204	
440.5191	
439.4516	
440.1024	
438.9431	
440.9997	
440.9846	
441.8399	
443.3880	
443.6360	
445.2169	
446.2173	
445.4049	
446.0600	
446.2657	
446.8624	
448.2069	
447.6666	
446.5755	
446.9444	
448.0520	
446.6987	
446.9716	
448.1262	
449.4253	
448.8175	
449.9294	
451.4307	
450.4429	
451.2608	
451.1196	
452.0411	
450.7535	
451.8513	
452.9269	
451.1546	
451.9750	
451.5199	
450.4643	
449.5976	
451.3498	
450.3505	
450.0447	
449.8843	
448.6534	
449.6656	
449.4325	
449.6857	
451.6883	
453.2294	
452.9829	
452.8515	
452.5782	
452.8386	
451.6341	
450.4323	
450.0450	
449.4949	
450.3487	
449.8481	
449.4002	
448.9214	
451.7827	
452.8863	
452.9064	
453.9716	
453.2698	
452.6639	
453.4326	
451.7357	
450.6701	
451.0486	
449.5467	
450.8595	
451.2237	
452.6660	
453.4568	
454.1577	
454.2043	
453.8193	
455.4616	
455.2405	
452.8054	
453.6750	
454.8842	
457.1262	
456.5729	
454.9178	
455.3544	
456.3316	
454.8578	
454.1150	
454.9857	
455.8936	
454.6800	
453.6765	
451.5524	
451.1339	
452.7461	
453.4646	
452.7595	
452.5517	
451.7487	
452.6348	
450.9218	
450.1414	
449.8823	
449.2134	
448.7133	
448.7227	
447.1808	
445.6133	
444.7095	
446.5171	
446.8552	
448.5907	
451.3648	
453.5304	
459.5298	
466.1341	
469.8333	
471.5297	
472.0074	
473.7371	
475.4652	
474.6805	
475.6539	
476.5457	
476.7590	
475.7372	
475.9556	
475.7576	
474.3252	
475.8430	
476.2864	
475.2489	
475.9521	
476.2108	
474.7501	
475.5265	
475.8297	
475.3833	
473.9591	
472.9925	
472.5819	
471.6995	
470.6608	
469.1949	
468.2151	
468.3657	
468.3234	
467.1451	
466.7951	
466.2348	
466.4242	
466.1323	
466.1598	
466.0659	
465.6558	
465.3368	
464.2290	
462.6963	
462.5163	
461.9704	
459.5892	
459.4359	
459.0090	
458.5502	
456.5457	
454.9322	
454.2799	
454.4976	
453.9066	
454.1631	
454.2680	
452.9588	
451.4730	
450.1730	
450.3242	
450.7480	
450.9879	
450.4728	
449.2174	
446.8725	
447.3216	
444.7216	
445.7789	
444.5208	
444.2305	
443.9681	
443.4841	
443.3971	
443.4250	
442.5690	
443.5680	
443.1223	
442.1083	
441.4585	
439.7257	
439.7559	
438.2331	
438.2001	
437.7699	
438.2025	
435.4140	
435.0543	
434.7947	
434.4800	
433.1520	
433.6859	
432.7500	
432.1862	
431.7875	
430.7191	
430.2723	
430.0346	
429.2898	
426.9328	
425.6967	
424.6983	
423.5834	
422.8368	
422.6014	
424.5041	
422.6064	
422.7217	
421.4934	
422.8381	
422.8041	
421.5419	
421.4313	
419.7397	
418.3229	
418.7098	
418.5859	
418.7985	
417.4738	
417.4908	
416.0387	
414.6098	
414.6543	
414.8618	
412.8351	
412.3279	
410.2732	
409.9122	
408.4107	
408.2103	
406.4217	
405.6985	
405.8374	
405.3686	
405.3312	
404.1543	
403.2806	
401.0599	
402.0848	
400.5131	
401.8907	
400.4583	
399.3448	
398.2067	
397.6605	
396.9004	
395.8294	
395.6008	
394.7805	
394.6725	
395.0468	
393.2951	
392.0586	
390.3613	
390.5643	
389.7534	
387.9881	
387.3712	
386.0242	
386.0536	
386.7192	
390.0801	
391.8383	
396.5654	
396.9292	
397.6015	
397.4757	
398.3577	
400.0702	
399.2090	
398.1620	
398.3596	
397.6322	
397.7365	
398.0044	
397.4177	
397.9641	
397.2092	
396.8957	
396.1076	
395.1828	
396.1869	
395.9772	
394.4389	
394.1422	
393.4659	
393.1367	
391.5566	
391.0179	
389.7797	
388.8030	
389.1123	
388.3295	
387.6852	
387.2534	
387.8535	
386.0285	
385.8797	
384.7627	
383.6924	
383.2737	
384.0396	
384.1401	
383.2434	
381.4867	
382.1072	
382.8908	
382.8200	
381.2647	
379.5463	
379.2590	
378.3383	
378.9226	
377.5206	
375.8030	
375.4352	
374.4783	
373.6641	
372.8462	
373.0576	
372.0326	
370.0133	
370.8122	
369.8086	
369.8153	
369.4708	
367.5161	
367.2872	
367.7174	
402.6292	
387.8582	
362.4365	
360.5456	
358.1626	
357.0403	
356.9818	
354.6304	
355.0107	
354.7481	
354.0445	
352.9174	
352.3033	
351.3969	
350.7145	
350.2088	
349.5060	
348.3011	
347.4924	
346.2648	
346.2699	
345.1291	
344.7120	
344.3913	
344.1671	
343.7729	
342.4303	
341.4861	
340.2634	
340.9103	
340.5866	
338.8309	
339.1937	
339.3639	
338.3418	
338.1993	
338.3058	
337.5298	
335.8122	
336.1031	
334.6064	
333.9298	
332.4126	
332.6211	
331.2732	
331.1089	
329.8840	
328.4230	
327.8562	
326.8823	
326.3498	
325.6643	
324.1285	
322.8970	
322.5776	
323.0618	
322.3965	
322.8455	
321.9402	
323.2343	
323.8251	
322.8485	
323.1978	
322.0720	
322.1317	
321.9785	
321.9379	
321.1342	
320.3540	
319.8573	
317.6845	
318.0318	
317.9377	
317.1088	
316.5483	
316.8775	
316.5204	
315.8524	
316.3224	
315.0141	
314.6649	
312.8000	
313.6819	
313.3042	
312.0200	
311.7827	
310.8503	
310.1760	
310.1075	
310.1735	
309.1040	
308.8725	
307.6669	
306.9974	
306.6510	
306.3595	
305.4273	
305.8872	
306.0747	
305.5343	
304.4505	
305.4090	
305.1587	
304.7750	
303.6035	
302.8525	
300.9202	
300.7638	
299.7233	
298.6947	
299.1080	
298.5827	
299.1766	
297.9108	
297.7647	
296.6561	
298.2357	
297.5033	
296.2088	
296.5200	
296.2090	
295.1002	
294.7618	
293.1971	
291.8992	
291.3123	
291.9639	
290.9349	
289.5312	
290.4308	
290.0245	
289.5819	
288.2446	
286.9051	
287.0514	
284.6950	
285.4371	
285.0668	
284.6637	
283.4996	
282.5779	
281.4840	
282.7420	
282.4226	
281.5206	
281.0798	
279.9684	
279.5804	
279.5829	
280.0695	
279.6952	
279.6764	
280.3932	
280.6999	
279.4149	
280.2307	
279.4419	
278.5478	
277.4673	
277.4615	
276.0534	
275.6852	
276.0829	
275.2415	
274.8845	
275.0859	
275.4597	
275.0175	
274.7511	
274.4807	
273.9292	
273.3904	
272.6152	
272.7882	
272.4291	
271.1450	
270.4420	
271.0051	
269.5487	
269.5269	
268.7674	
268.3868	
268.0453	
266.5989	
266.5384	
266.1759	
265.3576	
265.1271	
265.4703	
265.5319	
265.7902	
263.9575	
262.8505	
262.6712	
263.0089	
262.4012	
261.3945	
261.7085	
260.8314	
259.7145	
260.6933	
259.9691	
259.1417	
258.8895	
258.8593	
257.9869	
257.3752	
256.8234	
255.2119	
253.9034	
253.8705	
252.1316	
251.2323	
249.9998	
250.7893	
250.3412	
250.5573	
248.6384	
248.8949	
248.3757	
247.9538	
246.5754	
247.4024	
246.7708	
245.8514	
244.9949	
245.0097	
245.8457	
244.7085	
244.3092	
242.7219	
242.5500	
243.2272	
242.4287	
242.0978	
241.8294	
240.5220	
240.1058	
240.3579	
240.2304	
239.9106	
239.0049	
238.8348	
238.4001	
237.6207	
236.7289	
236.5450	
235.8628	
235.1973	
234.1747	
234.1476	
233.3463	
233.8181	
234.0627	
233.7060	
232.4858	
233.1783	
232.8658	
231.6055	
230.8834	
230.9234	
229.5789	
228.9369	
229.6989	
228.9511	
228.3589	
227.3077	
227.0024	
226.4709	
225.3450	
224.5560	
224.1575	
224.5024	
223.0245	
221.6762	
221.1898	
221.5057	
220.7144	
219.8808	
219.1765	
218.3589	
218.4513	
217.3863	
217.1849	
216.8194	
216.8407	
216.3598	
216.3404	
216.3331	
215.3277	
214.8509	
214.5278	
215.0752	
213.7701	
212.2016	
211.7400	
209.7455	
208.2719	
207.2997	
207.3184	
206.1365	
207.7407	
205.3566	
206.6317	
206.0540	
205.2556	
205.0666	
205.4143	
205.4061	
204.0009	
204.4695	
204.1163	
203.6814	
202.0930	
201.4303	
201.0430	
199.8478	
199.1396	
198.7575	
197.8457	
196.3775	
196.2692	
194.9145	
194.7991	
193.6495	
193.3026	
192.2673	
192.0588	
192.0078	
191.5283	
190.6949	
189.5449	
188.1035	
187.1011	
186.5745	
185.5760	
185.5785	
184.8497	
183.7314	
182.5799	
181.9146	
181.0577	
180.7663	
180.3967	
178.9049	
178.0789	
176.2119	
176.5387	
174.5267	
174.2949	
174.0715	
175.0769	
177.1980	
180.9866	
186.8495	
191.6314	
196.1099	
200.1136	
203.8564	
207.0428	
208.0116	
209.8323	
210.4631	
211.5431	
212.1224	
212.3617	
213.5548	
214.0611	
213.8143	
214.0837	
215.8803	
214.3852	
214.7997	
215.1514	
214.7332	
214.0434	
214.3745	
213.7176	
213.6763	
213.5432	
212.9522	
213.2116	
214.1157	
213.6759	
212.7146	
212.5438	
211.0240	
210.8800	
209.9225	
210.6508	
209.9778	
209.6610	
209.1160	
208.8617	
207.9177	
207.9423	
207.5544	
208.0548	
207.6374	
207.2424	
207.8789	
206.9725	
206.5768	
206.2890	
205.4093	
205.7183	
205.5464	
204.8855	
204.5950	
202.9191	
202.6614	
202.7057	
201.4173	
201.2991	
200.6642	
200.1988	
200.6147	
200.5521	
199.9712	
199.9942	
200.2861	
200.0883	
199.8369	
200.0458	
199.4422	
199.2740	
198.4243	
198.7323	
197.3607	
196.0344	
195.4395	
196.0298	
194.5197	
195.8376	
199.3501	
197.9941	
196.2526	
195.6829	
195.8424	
195.1457	
193.6363	
194.0269	
192.5794	
191.5267	
191.7206	
191.0039	
190.1148	
190.2849	
189.7275	
190.1694	
190.2546	
190.6562	
190.0179	
190.0689	
191.0874	
191.7646	
190.3423	
189.8026	
190.1774	
189.7083	
189.6920	
189.2531	
189.7167	
189.8560	
189.0702	
189.2626	
188.1582	
188.8040	
188.2587	
186.7945	
187.4253	
186.7205	
187.7731	
186.9270	
186.8355	
186.0323	
186.1399	
185.3851	
185.7721	
184.2090	
184.5570	
184.9885	
184.9008	
185.1911	
184.7718	
186.4623	
186.9491	
186.4143	
188.6372	
190.0699	
191.8346	
192.0577	
194.7932	
196.2786	
197.7483	
199.1099	
199.8315	
199.7626	
200.8550	
201.6651	
202.2781	
202.0000	
202.1400	
201.8924	
201.8596	
202.5973	
202.3488	
202.3991	
202.7565	
202.3389	
201.8854	
202.1137	
201.6355	
201.8658	
201.5133	
200.7783	
200.6869	
198.9631	
199.7166	
198.4875	
198.8194	
197.5131	
197.4487	
195.9384	
195.6891	
194.9755	
193.8778	
194.3342	
192.9412	
191.7091	
192.4580	
191.6845	
191.6211	
190.8923	
190.4871	
191.7425	
192.1976	
192.8974	
192.2022	
192.6077	
191.4756	
190.1861	
188.3105	
186.9979	
186.4376	
184.6237	
185.0687	
183.6078	
183.2657	
181.4115	
179.7279	
179.2302	
178.6116	
177.4100	
176.1904	
175.3604	
173.0590	
171.2434	
170.4069	
170.3740	
169.2041	
168.4989	
167.9064	
166.8331	
166.0238	
165.4501	
163.9729	
163.3337	
161.7390	
160.3546	
157.9687	
155.7786	
154.3773	
151.9276	
149.5704	
146.2215	
143.3823	
140.6677	
136.7071	
132.8064	
129.3040	
125.5141	
121.3704	
117.4787	
113.0720	
109.9453	
106.8026	
104.5849	
101.5632	
99.3370	
95.5302	
92.7435	
90.1076	
87.3691	
84.3517	
81.3564	
77.7523	
74.2050	
70.8584	
66.7342	
63.1873	
59.7907	
55.5328	
49.6278	
42.8699	
35.3321	
27.5870	
21.0852	
14.8496	
9.7040	
6.0627	
4.5801	
4.2765	
4.1813	
4.0902	
3.9741	
3.9056	
3.8756	
3.7958	
3.6521	
3.6974	
3.5974	
3.5291	
3.4642	
3.3810	
3.4352	
3.2990	
3.2651	
3.2624	
3.1092	
3.0860	
2.9902	
2.9536	
2.9926	
2.9942	
2.8893	
2.8844	
2.7497	
2.7439	
2.7178	
2.7420	
2.6787	
2.6215	
2.5501	
2.5223	
2.5447	
2.4977	
2.4578	
2.4828	
2.4193	
2.4465	
2.3487	
2.4145	
2.2873	
2.3538	
2.3102	
2.2564	
2.2849	
2.2761	
2.2530	
2.2103	
2.1977	
2.1966	
2.1504	
2.1489	
2.1485	
2.1041	
2.0831	
2.0803	
2.1045	
2.0687	
2.0530	
2.0547	
2.0294	
2.0046	
1.9890	
2.0030	
1.9833	
2.0222	
1.9885	
1.9074	
1.9488	
1.9401	
1.9415	
1.9697	
1.9854	
1.9403	
1.9322	
1.8783	
1.9114	
1.8925	
1.8771	
1.8514	
1.8904	
1.8719	
1.8821	
1.8733	
1.8371	
1.8456	
1.8465	
1.8420	
1.8889	
1.7658	
1.8156	
1.8271	
1.7080	
1.7683	
1.7517	
1.7780	
1.7418	
1.7576	
1.7848	
1.7622	
1.6963	
1.7597	
1.7716	
1.7256	
1.7095	
1.7496	
1.7406	
1.7575	
1.7269	
1.7088	
1.6633	
1.6955	
1.7214	
1.7056	
1.6461	
1.6991	
1.7208	
1.6875	
1.6216	
1.6760	
1.6706	
1.6368	
1.6957	
1.6203	
1.6825	
1.6620	
1.6581	
1.7430	
