2.0348	
2.0963	
2.0685	
2.1088	
2.0732	
2.0400	
2.0672	
2.0748	
2.1135	
2.0932	
2.1411	
2.0785	
2.1160	
2.0747	
2.0886	
2.0738	
2.1210	
2.0986	
2.1265	
2.0726	
2.1168	
2.0809	
2.1309	
2.0622	
2.1192	
2.0772	
2.1131	
2.0989	
2.1018	
2.0960	
2.1079	
2.0953	
2.0476	
2.1316	
2.1022	
2.0793	
2.1196	
2.0161	
2.1326	
2.1201	
2.1178	
2.1029	
2.1117	
2.0673	
2.1083	
2.1331	
2.0630	
2.1522	
2.0766	
2.1076	
2.0706	
2.0800	
2.0997	
2.0920	
2.1048	
2.0768	
2.0731	
2.1097	
2.0857	
2.0748	
2.1043	
2.0704	
2.0662	
2.0440	
2.0917	
2.1109	
2.1189	
2.0985	
2.0787	
2.0628	
2.1380	
2.0721	
2.1136	
2.1215	
2.0960	
2.1164	
2.1230	
2.0767	
2.1281	
2.0786	
2.1165	
2.1198	
2.0942	
2.1357	
2.0375	
2.0899	
2.1084	
2.0878	
2.0974	
2.1003	
2.0865	
2.1118	
2.1128	
2.1102	
2.0640	
2.1757	
2.1688	
2.1719	
2.0995	
2.1496	
2.1604	
2.1697	
2.1489	
2.2132	
2.2092	
2.1920	
2.2102	
2.2383	
2.2896	
2.2852	
2.2716	
2.2845	
2.3573	
2.3560	
2.3467	
2.4187	
2.4501	
2.5000	
2.4764	
2.5623	
2.5993	
2.6497	
2.7381	
2.8171	
2.9073	
2.9581	
3.1188	
3.2202	
3.2386	
3.4695	
3.6596	
3.7676	
3.9687	
4.2387	
4.3934	
4.9205	
5.2870	
6.0727	
7.0024	
8.5989	
16.5848	
35.0768	
55.9413	
77.0437	
98.0924	
119.0284	
140.4987	
161.5928	
182.3184	
203.8905	
224.4191	
245.3596	
265.9162	
286.7806	
307.2210	
327.6224	
347.8813	
367.1841	
386.5510	
402.4928	
407.7472	
408.9135	
408.5648	
408.0584	
407.8964	
408.0756	
407.7119	
407.7066	
407.9496	
406.4916	
407.1713	
406.9870	
407.2005	
406.9689	
406.0387	
407.1100	
406.4121	
406.0263	
407.6099	
405.6281	
406.5954	
406.4430	
405.4645	
404.9908	
405.6685	
405.1535	
405.4540	
406.1722	
406.1969	
406.2754	
406.0860	
405.5878	
406.0535	
405.7081	
405.7450	
405.3626	
406.6694	
405.7970	
404.7901	
404.6358	
403.9931	
404.2817	
404.7074	
404.6663	
404.8899	
404.9740	
405.3285	
405.3242	
405.2901	
406.0282	
406.5563	
407.8732	
408.3922	
410.0000	
412.8162	
414.7293	
416.2168	
415.1801	
416.0170	
416.1224	
416.3343	
415.8026	
416.1203	
415.7488	
416.8493	
415.8139	
416.7463	
417.4279	
417.0078	
417.1016	
416.9827	
418.0334	
417.8411	
418.7910	
418.9165	
419.2813	
419.2851	
419.2649	
418.9527	
418.6231	
418.6256	
418.9880	
419.4870	
418.5612	
419.4860	
419.5810	
419.6511	
421.0786	
422.5103	
424.3421	
425.6733	
427.2734	
428.5055	
430.1954	
430.2044	
429.1584	
430.0156	
430.5826	
429.9166	
431.0921	
430.5350	
430.5088	
431.1881	
431.0468	
431.5215	
432.7929	
434.3657	
434.3735	
434.3942	
434.1629	
433.3108	
434.1008	
434.4626	
433.8793	
434.4888	
435.2870	
435.6113	
435.9290	
437.1518	
437.6555	
439.0906	
438.8842	
438.3499	
438.1563	
438.1110	
439.4883	
439.5681	
439.8022	
441.3102	
441.4974	
441.6339	
443.0249	
443.5805	
444.0068	
444.1196	
443.8418	
443.9883	
444.0550	
444.9615	
444.8535	
446.3904	
445.9650	
446.4962	
447.5630	
447.7814	
448.5323	
448.4611	
448.2782	
450.6354	
452.2041	
455.5162	
459.2325	
461.2447	
462.3647	
463.1651	
463.4452	
463.9908	
465.0490	
465.3231	
466.6355	
466.8793	
466.0217	
468.2461	
467.9513	
468.0677	
469.4370	
470.3893	
472.2863	
474.5300	
477.3062	
478.3850	
480.7921	
480.9682	
481.9640	
482.1048	
481.7535	
481.2166	
481.6769	
484.0197	
484.0169	
484.9846	
543.5625	
531.7433	
507.6002	
506.7324	
506.4329	
506.0305	
507.1437	
507.4100	
506.7591	
507.8695	
508.0374	
509.7175	
512.7031	
516.6612	
518.5027	
519.0632	
520.8542	
521.9655	
522.9791	
522.9860	
523.9166	
524.5961	
526.4570	
526.9715	
527.5479	
528.2202	
530.1862	
530.7994	
531.8488	
532.0403	
533.0196	
532.9960	
532.8607	
533.3411	
533.1967	
534.0023	
534.6441	
536.0502	
535.8376	
536.9935	
536.7057	
537.9703	
538.8487	
537.6323	
539.0533	
539.1464	
538.3600	
541.0790	
541.4888	
542.6835	
541.5232	
541.9489	
542.6167	
543.2533	
543.9655	
543.9261	
545.2585	
544.5619	
544.0115	
543.8370	
545.8113	
547.3820	
547.6874	
549.2007	
549.7236	
549.3016	
550.9598	
550.7805	
551.6724	
551.1922	
551.7065	
551.3611	
552.0579	
552.1351	
551.7444	
551.5717	
553.1577	
553.8132	
554.2269	
555.5178	
555.3887	
555.5816	
555.1667	
557.6347	
555.7037	
556.7128	
555.8984	
556.9204	
556.1920	
555.3333	
555.6463	
554.9114	
555.7633	
555.3885	
555.4451	
553.7665	
553.3669	
553.6578	
554.4434	
554.5816	
555.3895	
555.5470	
557.0940	
556.2283	
555.2236	
555.1101	
554.8938	
554.0406	
554.6464	
554.8266	
555.3399	
553.8488	
554.7722	
554.5964	
554.9782	
557.2757	
557.7418	
556.8903	
556.6960	
557.0164	
557.4080	
557.1214	
556.4178	
556.4523	
554.1307	
553.3937	
554.4706	
555.7385	
555.7560	
557.3860	
558.6419	
558.3103	
559.8958	
560.4086	
560.1897	
559.9227	
559.0049	
560.2717	
559.5746	
560.2297	
559.6143	
560.2261	
559.4501	
561.8222	
561.4914	
560.3945	
560.1896	
560.7004	
559.2065	
557.2159	
557.3030	
556.7388	
556.9263	
557.0197	
556.1397	
556.9208	
556.5002	
554.2509	
552.7014	
552.0370	
552.5438	
552.4037	
553.4474	
552.4859	
551.4248	
553.0875	
552.2067	
553.9516	
556.3531	
557.0715	
561.2158	
567.8683	
575.7443	
578.7952	
580.7880	
582.1986	
583.2402	
582.7179	
584.1614	
585.9591	
586.9882	
586.4139	
587.3935	
586.4696	
586.4666	
587.3321	
585.3134	
584.7310	
585.7679	
583.9642	
583.1670	
584.8558	
582.9442	
581.8109	
581.2108	
580.7897	
578.3425	
577.0388	
578.3632	
577.2809	
576.6660	
575.3845	
574.3542	
573.5665	
572.0373	
571.4096	
569.7957	
570.9692	
569.6942	
570.3428	
569.2247	
570.4645	
569.3796	
568.4409	
569.3660	
567.6369	
567.9960	
565.5069	
565.5391	
564.4256	
563.0346	
562.3647	
562.1970	
561.7188	
560.2529	
560.3261	
558.6354	
556.6693	
556.7370	
556.0037	
556.2834	
554.5515	
555.0851	
553.1030	
552.0936	
552.1161	
551.8529	
550.4179	
551.4205	
550.3811	
548.6271	
548.1347	
547.2615	
547.1608	
547.3817	
546.2983	
546.6322	
545.5920	
544.5562	
544.4556	
541.8597	
541.6754	
540.7166	
539.8651	
539.1052	
538.8773	
538.5034	
536.9650	
534.5085	
533.2716	
533.4400	
533.2866	
532.3024	
532.4622	
531.6818	
530.9463	
530.9002	
528.4409	
528.6442	
527.7913	
527.4211	
526.8732	
525.4694	
522.3345	
522.6069	
523.0840	
522.1420	
521.5684	
522.2029	
520.6696	
520.3022	
519.4725	
519.3131	
518.5333	
516.9751	
516.2336	
516.0301	
515.2747	
515.0001	
514.0804	
512.4669	
512.8255	
510.2179	
510.0436	
508.9659	
506.5697	
505.6141	
504.8916	
503.4695	
503.7419	
500.8875	
501.1691	
500.1085	
500.5638	
498.5860	
497.8619	
497.9206	
496.6287	
496.4500	
496.2551	
496.8086	
494.6213	
493.6708	
492.9813	
492.3166	
490.8423	
490.3984	
489.8725	
489.0391	
487.3009	
487.8733	
485.8380	
484.8293	
484.2985	
483.6491	
481.4781	
479.8151	
480.4360	
478.7477	
477.7195	
477.5140	
478.7669	
484.0964	
486.9493	
488.4390	
491.0174	
490.4070	
491.2371	
491.0380	
488.2483	
490.0236	
488.8541	
489.5335	
490.0734	
489.2833	
489.4880	
488.7470	
488.3348	
488.4824	
487.2960	
485.8429	
485.3048	
484.3917	
483.1507	
483.6150	
482.4218	
483.3799	
481.2558	
481.0544	
479.9304	
480.3466	
478.9067	
478.4305	
477.3776	
476.7442	
475.7408	
476.5424	
474.5094	
474.6138	
474.0125	
474.6275	
473.9768	
472.2284	
470.8434	
470.8855	
469.9384	
470.0237	
469.3156	
469.1632	
468.3097	
468.1609	
467.5791	
466.2516	
465.8883	
465.5668	
464.5441	
462.6774	
461.0536	
461.3083	
460.1917	
459.6008	
459.9156	
457.8789	
458.7891	
458.4068	
456.3796	
455.6042	
454.5490	
454.3331	
454.2600	
498.3372	
471.8932	
441.6283	
438.9763	
435.1802	
434.0147	
431.8013	
431.2650	
429.0979	
429.7742	
428.0372	
426.8554	
425.5958	
424.9683	
422.6484	
422.2664	
420.1821	
419.6271	
418.5553	
418.0358	
417.2797	
416.0528	
415.1310	
415.0215	
414.2302	
414.2587	
413.9386	
413.5636	
412.5318	
411.6775	
410.5934	
410.0892	
409.6229	
409.9000	
409.6703	
409.4688	
408.1860	
407.5156	
407.3159	
406.1040	
404.3769	
404.3049	
403.9017	
402.5528	
402.1778	
402.8233	
400.9361	
400.0806	
399.1127	
398.7389	
397.2535	
395.4542	
395.1604	
395.2994	
393.5254	
393.3819	
393.6227	
393.1176	
391.7231	
391.5019	
392.4485	
390.8489	
392.0498	
391.1705	
390.3797	
390.0694	
389.3970	
389.2695	
387.0252	
387.1497	
386.4856	
386.0057	
386.2524	
385.3299	
384.4992	
384.1505	
384.4123	
384.1626	
383.3498	
383.4856	
382.7917	
382.0486	
381.7951	
380.5703	
379.8758	
379.3763	
378.4053	
377.5480	
375.9011	
375.1945	
376.1494	
372.8765	
373.5144	
372.0349	
372.1306	
369.9136	
371.4849	
370.6008	
370.7856	
368.7942	
370.0923	
369.1541	
368.8208	
367.9485	
367.8440	
367.1011	
367.1314	
366.7651	
365.4691	
364.9569	
363.7580	
363.7856	
362.8343	
361.7506	
362.1300	
360.7944	
360.2642	
360.2249	
360.1857	
359.2251	
358.6666	
357.9958	
356.6685	
356.1945	
355.3938	
354.7404	
355.0029	
353.9455	
352.2266	
352.4730	
351.0831	
352.0347	
349.5964	
349.0998	
348.5357	
348.2950	
347.2657	
346.5103	
346.0081	
345.5139	
344.8136	
344.5052	
343.5376	
343.5744	
343.2787	
342.4082	
340.8087	
340.4174	
340.1082	
340.0025	
339.7701	
340.3668	
340.0540	
340.4864	
340.2988	
340.7621	
340.9224	
338.8523	
339.1380	
337.8445	
336.1743	
335.8497	
335.7179	
335.2777	
334.2210	
333.7801	
333.3593	
332.5211	
331.7274	
330.9097	
330.0269	
330.2153	
329.1653	
327.5759	
327.3862	
327.0473	
325.9138	
325.3817	
324.2636	
324.0089	
324.0880	
323.6780	
323.9505	
322.5276	
322.6544	
321.1235	
320.8398	
321.2516	
321.2311	
320.1763	
320.2600	
320.1972	
319.6142	
318.8036	
317.9081	
317.0684	
316.4908	
315.1166	
313.3311	
313.1727	
313.0491	
312.3013	
312.0335	
312.2402	
311.8678	
309.8102	
309.8781	
308.8657	
307.6507	
307.1201	
305.6656	
303.7356	
303.7300	
303.2986	
302.7668	
302.1819	
301.4614	
300.0027	
299.5024	
300.5738	
298.9969	
299.1644	
298.8235	
298.8642	
298.1464	
298.3447	
299.3290	
298.8561	
298.3699	
297.1385	
297.8524	
296.9666	
296.8267	
296.5528	
295.0533	
295.0216	
294.2724	
293.7252	
294.0359	
292.5367	
290.8270	
289.8640	
289.8907	
287.9681	
288.2543	
287.2108	
286.1167	
285.1022	
283.8233	
284.1556	
283.8256	
283.5214	
282.9045	
282.4035	
283.6168	
282.6805	
282.2981	
281.5489	
281.6838	
279.8601	
279.3965	
279.1953	
278.1274	
277.1493	
277.3178	
276.1812	
275.2809	
273.7961	
274.2088	
272.6353	
272.3760	
270.7558	
270.4245	
269.6617	
269.1238	
267.3970	
267.4324	
265.3441	
265.2712	
264.2626	
263.3575	
263.1970	
262.7352	
261.1913	
261.6913	
261.7888	
261.7319	
260.9225	
260.2760	
260.2715	
259.5785	
258.7830	
257.4769	
256.2947	
256.7257	
255.5896	
255.2169	
253.4314	
252.7078	
251.3816	
251.7767	
251.9414	
251.0137	
251.3979	
250.8331	
250.6337	
248.8660	
249.7392	
249.6761	
248.7806	
249.1843	
248.4689	
248.0171	
247.1957	
247.2063	
245.8156	
244.4411	
242.9910	
243.1544	
242.0254	
240.6523	
240.5794	
238.6066	
237.9794	
236.4044	
236.2008	
234.8492	
234.7113	
232.6087	
232.6790	
231.5206	
230.5782	
228.9606	
227.8531	
226.1237	
225.5078	
223.2886	
222.0425	
221.5231	
220.7320	
220.0323	
220.1050	
219.6468	
219.1310	
217.9110	
217.0653	
214.9721	
214.6892	
213.6746	
213.2944	
212.9340	
214.1037	
216.7489	
221.8184	
228.9967	
234.7562	
240.9037	
244.9954	
249.7958	
252.3120	
254.4329	
255.8761	
257.6464	
258.6004	
259.4801	
260.6609	
260.7563	
261.2365	
261.1131	
262.1535	
262.0470	
261.6496	
262.7548	
261.4498	
261.9417	
261.2902	
260.4877	
259.8508	
259.5921	
258.3449	
259.0702	
258.0347	
257.3839	
256.1246	
256.9008	
256.9906	
257.3546	
256.1005	
256.3310	
255.1817	
255.3185	
253.5137	
253.6777	
253.2824	
252.7195	
253.5301	
252.5926	
252.3931	
252.9523	
251.9200	
252.4533	
251.3109	
251.9025	
250.5829	
250.9140	
249.9866	
249.1781	
249.1055	
248.1938	
248.3493	
246.6821	
246.5291	
246.2534	
245.8365	
245.2361	
245.2057	
245.6238	
244.2307	
243.7489	
244.3436	
243.6635	
243.8214	
243.8001	
243.4141	
242.8044	
242.7107	
242.1610	
241.5058	
240.8406	
239.1752	
239.6114	
238.5993	
238.1362	
238.0135	
242.7266	
240.9434	
238.8615	
238.4622	
238.0003	
236.9985	
235.8089	
235.6422	
235.2562	
234.3715	
234.5959	
233.6450	
234.4837	
233.5107	
233.3842	
233.8364	
233.3502	
232.9769	
233.8604	
232.9917	
233.2773	
233.2616	
232.5232	
232.6056	
232.1189	
232.1005	
231.3103	
230.6897	
230.8198	
229.9190	
229.5591	
229.5250	
229.6225	
229.3430	
229.2332	
228.7326	
228.1628	
228.4139	
228.8289	
227.9194	
227.7077	
226.3677	
226.2593	
225.4060	
225.1228	
224.5853	
224.4204	
223.8159	
224.0850	
224.0488	
224.4265	
225.7680	
225.6777	
227.5684	
228.2229	
230.1464	
232.4975	
232.8955	
234.3786	
235.7802	
237.6225	
238.7716	
239.7243	
241.6615	
241.9229	
241.8315	
242.2450	
242.1932	
242.8010	
242.6303	
242.5988	
241.8745	
243.0275	
242.4218	
242.9309	
242.5908	
242.2567	
241.6529	
241.6061	
241.1604	
241.2870	
240.9727	
239.9900	
240.1947	
239.7399	
239.2365	
238.4706	
237.8296	
236.2545	
236.0418	
234.7357	
234.5475	
233.4470	
232.9264	
232.4906	
231.5753	
231.8171	
231.1371	
231.1498	
229.7854	
231.4093	
231.9272	
232.3060	
232.6248	
232.7036	
232.2172	
231.5628	
230.7977	
228.6697	
228.0857	
225.9235	
224.5511	
223.8096	
222.2715	
221.1635	
219.9178	
219.5985	
218.0335	
215.7733	
214.6285	
213.6021	
213.1086	
211.7261	
211.1645	
210.0726	
208.7075	
208.8159	
207.6483	
205.8553	
205.2104	
204.9521	
204.3411	
203.8730	
202.7350	
201.2828	
200.1680	
198.3578	
196.9701	
194.8303	
193.4930	
190.3889	
187.1115	
183.8446	
179.5782	
174.9638	
170.2379	
165.2855	
160.3187	
156.4903	
151.9053	
147.4402	
142.9677	
139.3916	
134.2991	
130.4091	
126.5271	
122.3766	
118.0786	
114.1954	
110.4985	
106.6213	
102.3755	
97.8015	
93.3196	
88.8690	
84.2154	
79.7455	
75.1103	
69.8588	
62.9942	
54.1305	
44.2799	
34.8002	
26.3191	
18.5354	
11.9451	
7.5059	
5.2839	
4.7577	
4.6698	
4.6289	
4.4842	
4.4971	
4.3477	
4.2844	
4.1562	
4.1341	
4.0953	
3.9908	
4.0711	
3.8916	
3.9095	
3.7250	
3.7214	
3.7125	
3.6501	
3.5561	
3.5607	
3.4132	
3.4218	
3.3854	
3.3217	
3.2637	
3.2326	
3.1866	
3.1337	
3.0444	
3.0703	
3.0123	
2.9776	
2.9885	
2.8766	
2.8940	
2.8970	
2.8983	
2.8663	
2.8077	
2.7771	
2.8111	
2.7354	
2.7196	
2.7167	
2.6613	
2.6482	
2.5857	
2.5917	
2.5611	
2.5699	
2.5633	
2.5136	
2.4941	
2.5147	
2.5290	
2.4763	
2.4864	
2.4396	
2.4517	
2.4050	
2.3891	
2.3806	
2.4265	
2.3786	
2.4039	
2.4044	
2.2805	
2.3168	
2.3136	
2.3234	
2.3041	
2.2892	
2.3161	
2.2619	
2.2992	
2.2382	
2.2699	
2.2416	
2.2238	
2.2387	
2.2132	
2.2271	
2.2123	
2.2129	
2.2076	
2.2044	
2.1784	
2.1222	
2.1924	
2.2161	
2.1491	
2.1433	
2.1357	
2.1386	
2.1470	
2.1044	
2.1165	
2.1443	
2.0980	
2.1078	
2.1028	
2.0854	
2.1201	
2.0588	
2.0463	
2.0515	
2.0549	
2.0847	
2.0735	
2.0750	
2.0793	
2.0556	
2.0514	
2.0270	
2.0494	
2.0582	
2.0159	
2.0781	
2.0422	
2.0370	
2.0374	
2.0058	
1.9604	
1.9715	
1.9929	
2.0285	
1.9916	
2.0449	
2.0904	
