1.6751	
1.7013	
1.7200	
1.6760	
1.6693	
1.7647	
1.7176	
1.7400	
1.7036	
1.7212	
1.7031	
1.7299	
1.7278	
1.7361	
1.7255	
1.7342	
1.7737	
1.7536	
1.7247	
1.7432	
1.7618	
1.6911	
1.7174	
1.7057	
1.7028	
1.7495	
1.7375	
1.7205	
1.7252	
1.6975	
1.7336	
1.7055	
1.7329	
1.7347	
1.7387	
1.7103	
1.7330	
1.7202	
1.7284	
1.7229	
1.7335	
1.7734	
1.7597	
1.7074	
1.7311	
1.7319	
1.7752	
1.7502	
1.7143	
1.7106	
1.7330	
1.7067	
1.7559	
1.7210	
1.7130	
1.7273	
1.7110	
1.7032	
1.7117	
1.7335	
1.7138	
1.7372	
1.7283	
1.7329	
1.7254	
1.7446	
1.7666	
1.7004	
1.7458	
1.7691	
1.7574	
1.7645	
1.7117	
1.7365	
1.7813	
1.7384	
1.7259	
1.7270	
1.7900	
1.7218	
1.7546	
1.7515	
1.7227	
1.7577	
1.7444	
1.7116	
1.7144	
1.7489	
1.7563	
1.7735	
1.7801	
1.7553	
1.7784	
1.7913	
1.7877	
1.7786	
1.8109	
1.8305	
1.8337	
1.8478	
1.8256	
1.7969	
1.8420	
1.8451	
1.9246	
1.8855	
1.9424	
1.9451	
1.9512	
2.0466	
2.0369	
2.0484	
2.0588	
2.1245	
2.1681	
2.2293	
2.2858	
2.3690	
2.4302	
2.4386	
2.5560	
2.6041	
2.7391	
2.8500	
3.0271	
3.1691	
3.2384	
3.4092	
3.6822	
3.8749	
4.0989	
4.4841	
4.8207	
5.1839	
5.7162	
6.3323	
7.1906	
8.4780	
10.6031	
18.7523	
35.4479	
53.4409	
72.0536	
89.6279	
107.1965	
125.8500	
143.0059	
160.6688	
179.4603	
196.9387	
215.1120	
232.7904	
250.3960	
268.0721	
284.8687	
302.9417	
320.1335	
337.1811	
350.8344	
354.4074	
356.5699	
355.7936	
354.3614	
355.0035	
353.3462	
354.7057	
354.6056	
354.6201	
355.3045	
354.9156	
354.0548	
354.1545	
353.4629	
353.9500	
352.5067	
352.0463	
352.9226	
352.7051	
352.4653	
352.2701	
352.3029	
352.6933	
352.4301	
351.8914	
351.4542	
351.6890	
351.9248	
351.7787	
352.2235	
351.4688	
351.5619	
351.2112	
350.0076	
350.4510	
350.2209	
351.1476	
351.0753	
351.2063	
350.2756	
349.8500	
349.7459	
349.7253	
349.7611	
350.6885	
350.3779	
350.5903	
350.9445	
350.7252	
351.3936	
351.3954	
351.4585	
351.8750	
351.8472	
353.5378	
355.6429	
357.1475	
359.0382	
358.7535	
359.4031	
359.7484	
359.4899	
359.2808	
360.2404	
359.0529	
358.6184	
358.6474	
358.6923	
359.0195	
358.8606	
359.4699	
360.1702	
359.2802	
359.7185	
360.1226	
361.4625	
360.1310	
361.4987	
360.1168	
360.8614	
360.0181	
359.1858	
359.7003	
360.0510	
360.5787	
359.5580	
360.5971	
361.5497	
361.6330	
363.1616	
364.3148	
366.4510	
367.4817	
366.9059	
368.2533	
368.9070	
369.0043	
369.0519	
369.0629	
368.5753	
369.0867	
368.8994	
369.0148	
368.9799	
369.6489	
369.7190	
370.1987	
370.5502	
371.3442	
370.8379	
370.8022	
370.8045	
370.8866	
371.8013	
371.3243	
372.0202	
372.2892	
372.3845	
373.4665	
374.1404	
373.6378	
373.6622	
374.0133	
373.9260	
375.1757	
374.2501	
374.6910	
373.3922	
374.0005	
375.2072	
375.5215	
375.3006	
376.2204	
376.3736	
376.8091	
377.4185	
377.2097	
376.3640	
377.5922	
376.6594	
378.3661	
378.8766	
377.7836	
378.9676	
379.0381	
379.7249	
380.3101	
380.7566	
380.8194	
381.3114	
383.4656	
386.7744	
389.8836	
391.4348	
392.2405	
392.4474	
393.6399	
395.0958	
394.8915	
395.9492	
395.9772	
395.4536	
396.7317	
397.3614	
397.8547	
398.1668	
397.5112	
398.7606	
400.5652	
402.8307	
404.9940	
406.2628	
408.6086	
407.6231	
408.3768	
408.9601	
409.5754	
408.9579	
409.6184	
410.4341	
410.7263	
411.4305	
461.4305	
452.5041	
429.4481	
428.8498	
429.7687	
429.2314	
429.6449	
430.2662	
429.5285	
429.2960	
431.3066	
431.8360	
434.1288	
437.4140	
438.4930	
439.3740	
441.1886	
442.1925	
441.5937	
442.7639	
443.1810	
443.6947	
445.1204	
445.3167	
447.0247	
446.3121	
447.6232	
448.4917	
448.8332	
449.0942	
449.6781	
449.6646	
449.7390	
451.2197	
449.7364	
451.0320	
450.6609	
450.8643	
451.9082	
453.1296	
453.0446	
453.6099	
453.5260	
453.3897	
453.8349	
453.8568	
455.2681	
454.8447	
455.8498	
457.0136	
455.8770	
456.3267	
457.5522	
458.2190	
457.0659	
458.7293	
458.4668	
458.3347	
459.5387	
459.4646	
460.3019	
460.4380	
461.5802	
461.8568	
462.0327	
461.8992	
462.7571	
462.7249	
463.7946	
464.3268	
463.8506	
463.1402	
464.0341	
462.9476	
463.3727	
463.8299	
464.1758	
465.1169	
466.1800	
466.3447	
466.0748	
467.0346	
467.3626	
466.6884	
467.1940	
467.1284	
467.3972	
466.6399	
467.5056	
466.5832	
465.9200	
465.1731	
466.4258	
465.8865	
466.6682	
466.5369	
466.3611	
465.6631	
465.5240	
464.9346	
464.3378	
465.1154	
465.6511	
467.5780	
466.0276	
466.4880	
466.1953	
465.9202	
464.6057	
464.7116	
465.4890	
465.0504	
465.5304	
466.4915	
465.8423	
465.9451	
466.3026	
467.1407	
466.4122	
467.2125	
466.6063	
465.9910	
465.3752	
465.7471	
463.4925	
462.6801	
463.2892	
464.7328	
465.5512	
466.9765	
467.3499	
468.8032	
468.4452	
468.5901	
467.8602	
466.3971	
467.1800	
469.1458	
467.9897	
467.9134	
468.5714	
468.2099	
468.7523	
469.1810	
469.5710	
468.5801	
469.5310	
468.2970	
467.1595	
467.0771	
466.4619	
465.0293	
464.9174	
464.8387	
464.2486	
464.0641	
463.6954	
462.5314	
461.9505	
462.5797	
460.7066	
461.9658	
462.0661	
460.8787	
460.8466	
460.8267	
461.1565	
460.0329	
461.8631	
464.3548	
467.6980	
472.7287	
478.9792	
483.2545	
484.6602	
487.8840	
488.4037	
489.6943	
490.6732	
492.1877	
492.5543	
491.6776	
492.2384	
491.9994	
491.6647	
490.7951	
489.4197	
489.0923	
488.8061	
488.9307	
488.5934	
487.5055	
487.8970	
486.6525	
485.7798	
485.0768	
485.1295	
483.5583	
483.3498	
482.3669	
482.7347	
481.3065	
480.0201	
479.8754	
479.2862	
477.6841	
476.2425	
476.0782	
476.3886	
476.9389	
476.6871	
476.7218	
475.7496	
475.0140	
474.1595	
474.5720	
472.7874	
472.1323	
471.0926	
470.6475	
468.5721	
468.3237	
467.0804	
466.3881	
466.5121	
465.3687	
464.5732	
464.5818	
463.6070	
463.4165	
461.9746	
462.4280	
462.1448	
460.9723	
460.9184	
459.4075	
459.5879	
459.4583	
457.6753	
457.5632	
454.3380	
454.9928	
456.0890	
452.9018	
454.4233	
454.5758	
453.9423	
453.7601	
452.1440	
451.9252	
450.0281	
447.8820	
448.5867	
447.7022	
445.9708	
445.8278	
446.4533	
444.3764	
443.9440	
443.0756	
441.2751	
441.4356	
442.0566	
441.7524	
441.4618	
440.8236	
439.0245	
438.0681	
438.2862	
437.6192	
436.9928	
435.7295	
433.3383	
433.9256	
432.1810	
432.5581	
431.6986	
429.8784	
429.7374	
429.8569	
428.9372	
428.6356	
427.5602	
426.1384	
426.5525	
425.1600	
424.5062	
425.0146	
424.1621	
422.9690	
422.5951	
422.3918	
422.0238	
419.7049	
419.6724	
418.0493	
416.9886	
415.6389	
414.6952	
413.9979	
413.3953	
412.1739	
411.6021	
410.8972	
411.4200	
409.4285	
409.8495	
409.4452	
408.5586	
407.4730	
406.4478	
406.2326	
404.3306	
404.0869	
402.6590	
402.5750	
400.6196	
399.6574	
399.9781	
398.3083	
398.5803	
398.5875	
396.2735	
396.3125	
394.6029	
393.1094	
392.9402	
392.0307	
391.4778	
389.6226	
391.0427	
392.7846	
396.3039	
399.3613	
402.8191	
404.7364	
406.3735	
406.3776	
406.4165	
405.1933	
406.2173	
404.5761	
405.0218	
405.1019	
404.5087	
404.0285	
403.5208	
403.4308	
402.7073	
401.1732	
400.7321	
399.6573	
399.1114	
398.9371	
397.2574	
396.7528	
397.0424	
396.8048	
395.7364	
395.7508	
394.9708	
395.1754	
393.3145	
393.1773	
392.7218	
391.6631	
392.1377	
391.3254	
390.9839	
390.6434	
388.4194	
388.8914	
388.6813	
387.4402	
385.8707	
387.3009	
385.5858	
384.7837	
384.8001	
384.1930	
384.2137	
383.8079	
382.3292	
381.2606	
381.4459	
381.5579	
380.1501	
379.0322	
378.8568	
378.3632	
378.8287	
376.5810	
376.8584	
376.6738	
376.6790	
375.8087	
374.4056	
373.3875	
372.2907	
372.1688	
406.8641	
393.6243	
367.7521	
365.0528	
363.5518	
361.9817	
360.4151	
359.0515	
359.3008	
358.3129	
357.0255	
356.5541	
355.1306	
354.1180	
353.8064	
352.3214	
351.7630	
350.1596	
349.2265	
348.0835	
347.2928	
347.2492	
345.7524	
345.3211	
345.3533	
344.4583	
345.3886	
343.4992	
343.2283	
343.4878	
341.9787	
341.1939	
341.2571	
341.1718	
339.6526	
339.8513	
339.7998	
338.9199	
337.9871	
337.1954	
335.9280	
335.7393	
335.7114	
335.2176	
335.3972	
333.9309	
332.7848	
332.1678	
331.1902	
330.7639	
329.5639	
327.8516	
327.4669	
326.7867	
326.5875	
326.0527	
325.6221	
325.7282	
323.8768	
324.6871	
324.3877	
324.4440	
324.2239	
323.5306	
322.9161	
321.7177	
321.5684	
321.1440	
319.8246	
320.1946	
319.3915	
318.7161	
318.2855	
317.7060	
318.6346	
317.6826	
317.2484	
317.7924	
317.0327	
315.8110	
316.3408	
315.5366	
314.6901	
314.4085	
313.5692	
313.7473	
311.6888	
311.6970	
310.4042	
309.9717	
308.7374	
307.3524	
306.2875	
306.7575	
305.5395	
305.9503	
305.3541	
304.6671	
305.3618	
305.3332	
303.9854	
304.1178	
303.9873	
303.3988	
303.0272	
303.1339	
302.2322	
301.2791	
300.2133	
299.5803	
299.7006	
299.6382	
298.2005	
298.3018	
297.8573	
297.5544	
297.0784	
296.7387	
296.4171	
295.1291	
295.0851	
294.2942	
294.8566	
293.8113	
291.5047	
292.1957	
291.4857	
290.5565	
290.1205	
290.0338	
288.9828	
288.6984	
287.3331	
286.3461	
287.3082	
286.3877	
284.7716	
284.1081	
283.7197	
283.8376	
283.0620	
282.4197	
281.8877	
281.9907	
280.9621	
280.2417	
279.0235	
278.4532	
278.2750	
278.8666	
278.1134	
277.7282	
278.6808	
279.1038	
278.5348	
278.9398	
278.4657	
278.1770	
276.8742	
277.0287	
276.6762	
275.1263	
274.6844	
274.2801	
273.8981	
273.7108	
272.4047	
272.5724	
272.1695	
270.7933	
270.3909	
269.3547	
268.1203	
267.9967	
267.3224	
266.1830	
266.3553	
265.0110	
265.0162	
265.6465	
264.5436	
264.9465	
264.2408	
263.8223	
263.7682	
262.7273	
262.8193	
261.8282	
262.6548	
262.7495	
261.9351	
261.8048	
261.0575	
260.1437	
261.2565	
259.5826	
259.2316	
258.6692	
257.6917	
256.9525	
256.6196	
256.9002	
256.6754	
255.4083	
256.2356	
254.9496	
253.4204	
252.6743	
251.3255	
250.6878	
249.5696	
249.4190	
248.5423	
248.8201	
247.6123	
248.0552	
247.1164	
246.5551	
246.1697	
245.6831	
245.2237	
244.6608	
244.7321	
245.2444	
244.5740	
244.4006	
243.3383	
242.9179	
243.7477	
242.9035	
243.1608	
242.5967	
241.8929	
240.8939	
240.7847	
240.4520	
240.4677	
239.8220	
238.7118	
238.8175	
238.1029	
237.2642	
236.8944	
235.2323	
234.6024	
234.5824	
233.7970	
233.7134	
232.1723	
232.0753	
232.2931	
232.0818	
231.6625	
232.0769	
231.1304	
230.8579	
230.5587	
230.2546	
228.8618	
229.0767	
228.0201	
228.0221	
227.7247	
227.0833	
226.6678	
226.2067	
225.2826	
225.0297	
224.6881	
223.4725	
221.5755	
221.4035	
220.9459	
220.4188	
219.5568	
219.4489	
218.6271	
217.1350	
216.8798	
215.4501	
215.3566	
214.5259	
214.7508	
214.7663	
214.2216	
213.9539	
213.4528	
213.6673	
213.0959	
212.2826	
211.3157	
211.3493	
209.7668	
209.1634	
208.9367	
208.5472	
207.5234	
205.9351	
204.6909	
204.0385	
204.2022	
204.6358	
204.0124	
203.8160	
203.7950	
203.5657	
202.6967	
202.9375	
202.2683	
202.3192	
202.4147	
202.0331	
201.1702	
200.8134	
199.6579	
198.6219	
198.2287	
197.2575	
196.8289	
196.4590	
195.2820	
194.9107	
193.5307	
192.9346	
191.5814	
190.5097	
190.0438	
189.5729	
188.3061	
187.9001	
187.4326	
186.5027	
184.9975	
184.4963	
183.1557	
183.1444	
180.8556	
181.0376	
179.6368	
178.9236	
178.7083	
177.8937	
176.8685	
176.8322	
175.8023	
174.8208	
173.9969	
173.7042	
172.4597	
171.8694	
171.4438	
172.8230	
175.1442	
179.1079	
185.1604	
190.2404	
195.7365	
199.7413	
203.0025	
205.6646	
207.7466	
209.1637	
210.2772	
211.1477	
211.8210	
212.7670	
212.7377	
214.0286	
213.9232	
214.0039	
214.4406	
214.0805	
213.5911	
213.9360	
213.9530	
213.1742	
212.4506	
212.7540	
212.2361	
210.6134	
210.8102	
210.9171	
210.4188	
210.4953	
209.8271	
210.5314	
209.4081	
208.3394	
208.7879	
208.7840	
207.8856	
207.5537	
206.5881	
206.8565	
206.7077	
206.6924	
205.7126	
205.2635	
206.0930	
205.3776	
205.2453	
204.8571	
204.2048	
204.0369	
203.4147	
203.4386	
202.3242	
202.1640	
201.6222	
201.3385	
201.0345	
201.0603	
200.7648	
200.4636	
200.3363	
199.2210	
200.0325	
199.7469	
199.0002	
198.7691	
199.2526	
198.7362	
198.8853	
198.7317	
198.4866	
198.2125	
197.4661	
196.5295	
196.1358	
195.7979	
196.0106	
194.5864	
194.1721	
195.0228	
198.6803	
196.3272	
195.2507	
194.2888	
194.2886	
193.4682	
192.7305	
192.6942	
192.3652	
190.8310	
191.8112	
190.5483	
190.9582	
190.9033	
190.3751	
190.1904	
190.6024	
190.2525	
190.0517	
190.3073	
190.2796	
190.5887	
189.8042	
190.0788	
190.1778	
189.4909	
189.6492	
189.5744	
189.4342	
188.6042	
189.0472	
188.1881	
188.8813	
187.9277	
188.0473	
187.5941	
187.8153	
186.3434	
186.8491	
186.7948	
186.1902	
185.8511	
185.3386	
184.4251	
184.7188	
183.8356	
183.5743	
183.7299	
183.7291	
183.4573	
185.2193	
185.5024	
186.0318	
187.1047	
188.0132	
188.9599	
190.2915	
190.8077	
191.9488	
193.3347	
194.1897	
195.6851	
196.1563	
196.8917	
197.1441	
197.3777	
198.2821	
197.6094	
197.3957	
198.4313	
198.2021	
198.0822	
198.4247	
197.6879	
198.3378	
198.1189	
198.5607	
197.8154	
198.1014	
197.4059	
197.1475	
196.5948	
196.6883	
196.4387	
195.7609	
196.0365	
195.0581	
195.1313	
193.3994	
192.9713	
192.4516	
191.8152	
190.9714	
190.5927	
190.1143	
189.8199	
190.0157	
189.7215	
190.0466	
189.5356	
190.8023	
190.7461	
190.7527	
190.4904	
190.0714	
188.5641	
188.7318	
187.2103	
186.4173	
185.0261	
184.1269	
183.5816	
182.6134	
181.3095	
180.2338	
179.2367	
177.7848	
177.1057	
175.2546	
173.9715	
172.3641	
171.0988	
170.8221	
169.4898	
168.2183	
166.6324	
165.4875	
164.4421	
162.7163	
161.1229	
159.4785	
157.5100	
155.8432	
154.0003	
152.6599	
150.8858	
148.2333	
145.8040	
144.3924	
141.9723	
140.2233	
137.9240	
134.8051	
131.4320	
128.0798	
124.3888	
119.8876	
116.8037	
113.4072	
109.7716	
106.9272	
102.9440	
99.9977	
96.0707	
92.0547	
89.3008	
85.5856	
82.3430	
78.9381	
75.0528	
71.6514	
68.1750	
64.4720	
60.3489	
56.4861	
52.4604	
48.7391	
45.0081	
41.2145	
37.5726	
33.5028	
28.7569	
22.7674	
15.9540	
10.2125	
6.1021	
4.2533	
3.9901	
3.9634	
3.8733	
3.6855	
3.6811	
3.6337	
3.5654	
3.5232	
3.3961	
3.3672	
3.3705	
3.2989	
3.1862	
3.1672	
3.0561	
3.0647	
3.0324	
2.9960	
2.9843	
2.9040	
2.8850	
2.7726	
2.7899	
2.7363	
2.7124	
2.7188	
2.6661	
2.5940	
2.5850	
2.5161	
2.5052	
2.4939	
2.4451	
2.4265	
2.4265	
2.3674	
2.3394	
2.3316	
2.3033	
2.3225	
2.2543	
2.3166	
2.2347	
2.2610	
2.2233	
2.1815	
2.1561	
2.1854	
2.1158	
2.1128	
2.0912	
2.0547	
2.0969	
2.0240	
2.0411	
2.0749	
2.0132	
1.9751	
2.0234	
2.0273	
2.0026	
1.9676	
1.9816	
1.9301	
1.9685	
1.9045	
1.9506	
1.9091	
1.9294	
1.9297	
1.9089	
1.8714	
1.9052	
1.8628	
1.9008	
1.8950	
1.8761	
1.8992	
1.9119	
1.8552	
1.8745	
1.8118	
1.8343	
1.7819	
1.8648	
1.8250	
1.8197	
1.7968	
1.7778	
1.7562	
1.8351	
1.7444	
1.7527	
1.7885	
1.7856	
1.7276	
1.7752	
1.7422	
1.7197	
1.7219	
1.6949	
1.7321	
1.7536	
1.7401	
1.7108	
1.7165	
1.6592	
1.6584	
1.6975	
1.6938	
1.7130	
1.7239	
1.7051	
1.6839	
1.7305	
1.6610	
1.6660	
1.6678	
1.6647	
1.6660	
1.6822	
1.6619	
1.6564	
1.6735	
1.6339	
1.6472	
1.6202	
1.6553	
1.6300	
1.7241	
