1.5727	
1.5438	
1.5555	
1.5615	
1.5704	
1.6186	
1.5648	
1.5680	
1.5842	
1.5549	
1.6092	
1.5993	
1.6292	
1.5675	
1.6238	
1.5934	
1.6368	
1.6187	
1.6089	
1.6177	
1.5943	
1.6039	
1.5988	
1.5470	
1.6126	
1.5813	
1.5859	
1.6056	
1.5567	
1.6329	
1.5990	
1.5869	
1.6209	
1.5941	
1.5860	
1.5544	
1.6026	
1.6356	
1.6379	
1.6078	
1.6123	
1.6039	
1.6113	
1.5709	
1.6141	
1.6177	
1.5829	
1.5579	
1.5734	
1.5739	
1.5374	
1.6348	
1.5717	
1.5952	
1.5983	
1.6334	
1.5686	
1.5735	
1.6307	
1.6115	
1.6238	
1.6014	
1.6047	
1.5638	
1.6212	
1.5886	
1.5761	
1.5709	
1.5736	
1.5990	
1.5714	
1.5832	
1.5944	
1.5718	
1.6098	
1.5673	
1.5840	
1.6187	
1.5758	
1.5910	
1.6022	
1.5703	
1.6115	
1.5955	
1.5730	
1.6239	
1.6331	
1.6419	
1.5997	
1.5994	
1.6436	
1.6019	
1.6069	
1.6438	
1.6376	
1.6199	
1.6566	
1.6624	
1.6463	
1.6853	
1.6731	
1.6744	
1.7105	
1.7493	
1.7596	
1.7178	
1.7742	
1.7870	
1.7870	
1.8573	
1.8587	
1.8732	
1.9120	
1.9254	
1.9412	
2.0427	
2.0687	
2.0702	
2.2199	
2.2548	
2.2738	
2.3967	
2.4606	
2.5639	
2.7360	
2.8357	
2.9564	
3.1924	
3.3905	
3.5642	
3.8514	
4.0938	
4.4664	
4.8934	
5.7316	
9.6674	
21.4142	
35.8032	
50.7815	
65.8291	
81.4678	
97.5521	
113.9973	
131.2753	
148.5574	
165.1700	
182.0264	
200.2059	
217.6237	
234.2238	
251.3262	
268.2197	
284.2516	
300.4871	
316.0555	
323.6076	
324.5170	
324.9919	
324.7672	
325.2626	
324.6768	
325.0227	
323.9861	
323.4769	
323.8379	
324.7634	
324.6020	
324.5204	
325.2840	
324.6909	
324.3415	
324.0179	
323.9339	
323.6054	
323.7763	
323.4585	
323.1421	
321.9069	
322.4758	
321.3559	
322.2687	
321.8964	
322.5133	
322.2648	
320.6128	
321.8000	
320.8369	
321.1045	
320.1796	
321.2144	
320.2728	
320.6980	
320.0361	
319.3344	
320.0021	
319.8751	
320.5426	
319.8511	
319.2977	
319.2590	
319.6247	
318.9056	
319.3303	
318.9926	
319.0346	
319.4079	
319.7531	
318.8932	
318.7422	
319.2824	
319.2954	
320.6856	
320.7866	
321.5872	
324.5361	
325.4938	
326.0414	
326.7340	
326.4638	
326.9814	
326.5759	
326.4743	
326.1711	
325.6855	
325.9045	
326.0482	
326.0649	
326.7051	
327.1182	
327.1153	
327.0487	
326.7322	
327.0140	
326.4543	
326.7852	
326.7721	
326.6077	
327.0947	
325.7814	
327.4293	
326.9197	
327.0160	
327.4202	
327.2222	
327.4938	
328.5146	
327.8302	
327.9232	
328.4339	
328.6075	
328.9185	
331.0419	
331.8099	
332.1932	
332.1355	
332.0092	
331.9908	
332.1232	
330.9920	
333.0220	
332.8727	
332.4244	
332.6830	
332.9113	
332.8661	
333.5235	
334.4425	
334.3174	
334.6652	
333.7760	
335.1349	
334.1052	
334.0400	
334.7133	
334.3483	
335.3471	
336.3136	
335.9504	
335.5356	
335.5745	
335.2711	
334.9677	
335.3810	
335.6910	
336.5060	
335.6973	
335.8314	
336.4849	
336.8176	
337.5595	
338.0108	
337.3732	
337.9943	
338.5525	
337.9651	
339.3000	
338.8128	
339.0469	
339.0307	
340.2622	
340.4864	
340.7809	
340.3503	
340.7017	
341.1097	
340.8581	
340.9980	
341.6223	
341.8637	
343.4249	
345.3397	
349.0390	
349.7840	
350.2512	
351.7855	
352.6172	
354.0462	
353.6352	
354.6304	
353.9071	
354.4612	
354.0842	
355.2604	
355.3137	
355.7336	
355.0667	
355.7697	
357.2415	
357.9938	
360.2629	
362.0842	
362.8801	
363.8407	
364.0885	
364.3126	
364.7177	
364.9850	
365.3567	
365.0915	
365.3570	
367.1008	
408.5426	
398.4396	
379.8368	
380.1411	
379.6334	
378.7535	
379.9671	
379.2454	
378.8710	
380.1991	
380.1836	
381.6189	
383.8873	
386.3365	
388.3247	
388.2380	
389.2503	
390.6430	
391.2609	
391.2147	
392.1540	
392.7791	
391.7605	
393.1641	
393.0638	
393.9325	
393.0489	
394.0880	
392.9300	
393.7519	
394.2752	
394.8698	
394.8047	
394.9093	
396.0618	
395.8708	
396.6284	
397.0862	
398.3593	
397.9560	
398.8105	
397.9663	
399.5975	
398.5078	
399.1714	
399.1938	
400.0893	
400.4769	
400.3314	
399.9250	
399.6208	
399.8677	
399.9008	
400.7639	
400.4557	
401.3814	
401.1237	
401.1830	
403.0609	
403.2095	
404.6200	
405.1118	
405.6570	
405.7454	
406.5235	
406.2553	
406.2634	
406.9109	
405.6422	
405.1816	
405.8907	
406.5429	
406.0363	
405.5262	
406.6109	
407.2027	
406.8916	
407.2363	
406.8950	
407.5877	
406.5327	
406.0462	
407.0801	
406.2799	
407.2388	
406.9777	
406.6963	
406.9608	
405.7300	
406.3718	
407.2720	
407.8690	
407.8668	
407.6785	
408.2876	
408.2346	
408.3302	
409.2806	
408.4104	
409.1515	
408.6277	
408.1475	
407.8527	
407.1096	
408.4750	
408.0872	
407.3764	
408.0852	
407.5272	
407.4614	
406.7366	
406.6135	
406.4676	
406.3807	
406.3910	
407.1332	
407.2141	
407.0836	
405.3959	
407.2394	
405.7257	
406.2632	
406.2667	
405.6634	
405.5547	
404.3898	
405.0396	
404.5949	
405.5743	
405.6721	
406.3430	
407.2082	
407.5640	
408.2375	
407.8592	
407.8563	
406.7677	
407.8974	
407.6229	
408.3553	
408.2948	
407.4169	
407.9860	
407.2188	
406.7101	
407.1856	
407.6227	
406.8016	
405.5347	
405.3788	
405.6922	
404.7090	
405.1982	
404.0492	
404.1725	
403.8340	
403.9527	
403.5171	
402.9682	
402.2595	
401.9272	
401.4691	
400.9398	
400.0770	
400.7155	
401.5634	
401.1920	
400.8362	
401.1494	
402.0594	
404.2651	
407.7719	
412.2592	
415.9347	
418.8711	
420.8998	
421.9471	
422.1448	
423.4900	
423.4225	
423.8987	
423.9277	
424.0838	
423.4041	
423.0565	
422.6011	
422.8456	
422.8196	
421.3844	
421.2989	
420.1327	
420.4132	
421.1573	
420.2884	
419.3235	
419.1958	
418.8706	
417.3754	
417.3391	
417.0623	
415.8975	
415.9910	
415.3770	
413.7803	
414.3090	
413.8907	
413.7106	
413.2290	
411.6965	
411.1783	
412.2771	
411.4778	
410.0128	
410.1734	
409.1569	
408.0065	
407.9737	
406.6052	
406.5044	
405.3058	
405.2067	
403.9847	
402.5108	
401.7614	
402.1825	
401.6882	
400.1103	
400.4073	
399.7584	
399.3595	
397.9405	
398.6677	
397.5134	
396.1502	
396.0728	
394.6115	
394.9310	
393.8865	
393.2640	
392.2268	
391.1765	
391.5701	
390.6482	
390.8627	
390.4724	
389.3203	
389.8683	
389.1571	
388.7718	
389.7275	
387.3366	
386.8015	
386.1372	
385.6745	
384.9163	
384.9122	
383.9321	
384.5382	
382.8474	
381.9853	
381.8990	
380.4438	
380.6793	
380.1164	
379.1168	
379.3408	
377.5455	
377.0841	
376.8105	
376.0578	
375.2861	
375.9258	
374.7319	
374.1021	
373.5126	
372.3772	
371.8127	
369.8062	
369.8164	
369.3129	
368.2901	
368.7386	
367.1543	
367.0855	
367.1623	
365.7762	
366.2092	
365.1501	
365.2885	
365.4648	
364.4260	
362.8134	
363.0987	
362.1374	
361.4563	
360.2276	
359.2632	
358.4317	
358.2896	
356.9469	
356.5568	
357.0664	
355.3446	
354.5305	
355.2126	
354.3801	
353.5194	
352.5562	
353.0590	
351.2822	
350.1890	
349.7067	
348.7583	
348.6883	
347.9091	
346.7658	
346.5402	
345.4866	
345.3018	
344.4461	
344.1919	
343.5938	
342.7246	
342.0621	
340.4585	
340.0620	
339.5856	
338.3513	
337.1610	
337.7829	
337.4685	
337.6628	
339.1739	
341.9693	
345.6665	
347.7784	
349.7259	
349.9834	
350.0421	
350.1294	
350.1376	
349.6857	
349.8653	
349.8050	
349.5359	
348.8874	
347.9895	
348.1366	
347.1317	
346.4178	
346.7742	
345.6223	
345.4463	
344.4044	
344.0059	
343.9577	
343.1688	
343.7457	
342.8711	
340.9214	
341.6336	
341.4044	
340.9394	
339.7778	
338.0917	
337.9963	
337.8456	
336.6488	
336.3853	
334.5439	
334.8404	
334.4684	
334.5269	
333.7083	
333.5375	
332.9876	
332.1221	
332.4153	
331.6157	
331.3924	
331.2365	
330.6393	
331.3971	
329.9504	
329.4611	
328.8158	
329.4662	
327.7173	
327.0255	
326.8478	
326.3932	
326.4471	
324.9244	
324.3872	
324.8699	
324.2779	
323.4915	
322.3035	
320.9125	
321.3590	
348.6976	
338.1856	
317.6444	
315.1028	
313.5320	
311.8236	
310.5750	
309.6157	
308.4835	
308.1714	
307.2560	
306.3761	
305.7457	
305.2133	
304.7937	
303.5197	
303.1043	
302.2961	
301.5183	
300.2028	
300.0502	
300.6174	
298.2449	
297.9394	
296.9914	
297.7293	
296.0428	
297.3360	
295.7441	
295.0659	
293.8746	
292.7476	
294.1155	
293.4145	
293.3231	
292.0628	
292.7490	
291.3330	
291.5316	
291.3856	
290.6523	
290.1858	
289.7573	
289.6763	
288.9575	
288.7369	
288.6102	
287.6880	
285.9816	
285.7838	
285.3337	
284.4004	
283.8192	
283.3240	
283.0708	
282.1127	
281.6407	
281.1494	
280.6595	
279.7458	
279.7363	
279.5507	
279.2182	
278.3098	
277.7174	
277.7077	
277.1087	
276.8147	
276.4798	
275.6405	
275.2364	
274.6729	
274.4536	
274.3145	
273.6057	
273.5026	
272.7198	
272.2601	
272.3056	
271.2826	
269.8260	
270.6101	
269.9185	
269.0219	
268.0630	
266.9045	
266.1457	
266.3368	
265.4874	
265.0038	
265.5620	
264.1706	
263.6374	
264.4680	
263.6534	
264.0292	
263.8309	
264.0195	
262.7030	
262.1079	
262.0940	
260.8419	
260.4985	
259.7408	
259.7297	
260.1436	
258.4914	
257.4326	
257.8409	
257.3527	
256.9650	
256.6158	
256.0061	
256.0455	
255.4998	
255.0105	
254.2703	
253.6237	
253.9200	
253.5630	
252.9658	
252.0473	
251.9281	
252.7330	
251.7162	
251.4495	
250.6978	
250.0986	
250.6130	
249.1285	
248.2320	
248.1463	
246.7679	
245.8290	
245.2953	
245.0340	
244.6433	
243.5814	
243.0361	
243.1111	
242.8983	
242.4787	
240.7990	
241.3482	
240.6811	
239.6749	
239.4348	
238.4474	
238.3484	
237.3817	
236.4880	
236.3197	
237.0393	
237.4243	
236.9028	
236.4187	
236.4589	
236.2021	
235.8845	
235.1352	
235.0900	
235.1425	
233.9091	
233.8755	
233.5745	
233.3417	
232.6184	
232.5168	
232.7112	
231.2881	
231.1118	
230.6748	
229.4873	
228.6843	
228.3225	
227.5172	
226.4581	
226.1868	
225.7393	
224.9374	
225.7051	
224.7768	
223.8664	
224.4149	
223.9269	
223.3689	
223.8077	
223.5877	
223.2951	
223.0095	
224.0998	
223.3347	
222.7014	
222.3035	
221.6925	
221.8544	
221.3409	
220.6441	
220.7353	
220.7955	
220.0043	
220.2290	
220.0450	
219.5134	
219.8518	
219.3643	
217.9289	
217.2398	
216.4991	
216.8788	
216.7536	
216.0912	
215.8501	
215.5383	
214.4614	
214.1204	
214.2570	
213.3891	
213.4058	
213.0664	
212.5384	
212.0759	
211.2810	
211.3942	
210.2449	
209.8521	
208.9277	
208.5930	
208.3497	
208.6431	
207.2069	
207.2855	
207.2795	
206.8172	
207.2243	
205.9733	
205.6581	
205.4446	
204.6642	
204.3404	
203.3368	
203.2958	
202.5130	
202.1482	
202.4151	
201.6161	
201.3188	
200.8625	
200.7245	
200.0936	
199.6252	
199.2574	
199.3561	
198.6571	
198.9219	
198.6730	
196.2401	
197.0422	
196.1209	
195.2060	
194.5355	
195.4168	
194.7196	
194.5863	
194.3455	
193.6386	
192.8929	
193.0912	
192.3671	
192.4123	
191.6584	
191.0031	
191.2107	
190.5687	
190.6301	
190.3537	
190.2191	
189.0121	
188.6120	
188.1734	
188.1053	
187.2335	
187.5699	
186.8734	
186.9859	
186.7070	
186.2221	
185.6241	
185.2544	
184.9141	
183.6677	
182.6548	
182.3168	
182.2216	
181.6974	
181.1689	
180.1767	
181.0168	
180.0592	
180.4408	
180.2451	
179.0863	
178.6767	
178.6579	
177.6876	
177.4704	
177.7251	
176.6288	
176.3765	
175.5472	
174.8849	
174.2490	
173.7148	
172.6705	
172.1786	
171.2686	
170.1475	
170.1011	
169.8250	
169.4509	
169.7651	
167.9964	
167.5474	
166.4528	
165.7175	
164.9361	
164.6429	
164.2527	
162.2809	
162.8986	
161.7534	
161.1112	
160.4879	
159.6296	
159.0943	
158.9295	
157.9892	
158.0994	
156.6493	
155.4220	
154.4727	
153.8958	
153.0610	
152.0175	
151.4159	
150.7045	
149.9847	
148.7962	
148.4892	
148.4018	
148.2287	
148.2556	
149.5487	
152.3747	
155.7815	
161.2104	
166.0057	
169.2718	
172.4290	
175.0277	
175.7965	
177.3317	
177.9927	
178.1533	
179.1644	
180.0542	
180.1849	
180.8029	
181.3123	
181.5731	
181.3972	
181.1731	
181.3243	
180.9523	
180.8011	
180.3584	
180.3271	
179.7825	
179.4917	
179.2097	
178.8790	
178.6961	
178.8046	
178.1668	
177.9352	
177.3648	
176.7208	
176.3499	
176.5068	
175.9031	
175.0506	
174.6436	
174.2767	
175.2127	
174.5582	
174.0584	
173.7857	
173.4354	
173.4961	
174.6447	
173.4621	
173.7633	
173.2292	
173.3294	
172.6040	
172.7749	
172.2171	
171.6021	
171.5927	
170.5423	
170.7354	
170.8012	
171.2286	
170.3544	
170.5403	
170.8533	
170.2167	
170.1258	
169.9566	
170.2059	
169.0576	
169.4389	
168.9617	
168.8991	
168.7334	
167.5211	
167.5675	
167.2701	
166.7882	
166.6010	
165.6739	
165.9236	
165.2621	
165.1915	
168.8744	
166.0904	
165.1401	
164.8473	
164.2711	
163.7720	
163.2482	
163.5450	
163.0217	
162.7291	
162.7713	
162.7565	
163.0975	
163.0259	
162.8093	
162.2834	
162.6613	
162.0194	
162.6812	
162.3044	
162.0178	
162.1476	
161.5517	
161.7732	
161.5268	
161.2705	
161.1449	
161.0456	
160.7238	
160.6444	
160.5202	
160.6891	
159.9005	
159.6223	
159.3931	
159.2721	
158.6052	
157.4403	
158.1094	
157.8655	
156.9912	
157.8205	
157.4217	
157.3898	
157.2754	
158.0560	
158.1192	
158.2811	
159.2109	
159.4332	
159.9711	
160.5199	
161.3404	
161.9596	
162.7045	
163.2676	
164.3195	
164.8454	
165.0213	
165.7586	
165.8093	
166.5776	
165.6698	
166.5532	
167.4397	
167.5890	
167.1457	
167.5750	
167.8183	
167.1572	
166.9029	
166.7142	
166.8770	
165.6954	
166.3039	
165.3255	
164.9002	
164.7120	
163.4426	
163.2134	
163.0818	
162.3709	
161.7347	
161.2819	
160.3835	
159.4111	
158.1409	
157.7849	
155.6550	
154.8872	
153.4289	
151.9361	
149.4967	
148.6970	
147.8856	
147.1066	
145.7932	
144.9783	
143.6438	
142.0500	
140.2302	
137.8962	
136.0600	
133.5551	
131.0182	
128.4769	
125.5329	
123.0559	
120.3173	
118.5808	
115.8840	
113.6618	
111.0785	
108.7303	
106.3109	
103.9606	
101.6504	
98.9792	
96.2508	
94.3711	
91.6628	
90.1608	
87.6691	
85.5081	
83.6820	
81.6505	
79.0528	
76.3959	
74.4657	
72.2101	
70.2441	
67.9829	
65.6719	
63.4452	
61.6667	
59.3358	
57.0789	
55.2755	
53.1754	
51.5227	
49.2941	
47.4886	
45.4482	
43.3028	
41.0768	
39.3428	
37.2883	
35.6278	
34.1592	
32.3331	
30.4485	
28.4639	
25.9672	
23.5764	
20.9480	
18.2658	
15.9460	
13.6982	
11.6642	
9.6374	
8.0510	
6.8539	
5.9886	
5.3949	
5.0517	
4.8600	
4.7228	
4.6276	
4.4770	
4.3515	
4.3041	
4.2001	
4.0323	
3.9842	
3.8667	
3.7380	
3.7139	
3.6670	
3.5652	
3.4827	
3.4136	
3.3684	
3.2630	
3.2810	
3.1947	
3.1286	
3.0625	
3.0417	
2.9562	
2.9240	
2.9233	
2.8883	
2.7888	
2.7556	
2.6719	
2.6697	
2.6706	
2.5690	
2.5616	
2.5366	
2.5175	
2.5046	
2.4217	
2.3850	
2.3607	
2.3476	
2.3309	
2.3175	
2.2714	
2.2544	
2.2229	
2.1770	
2.1518	
2.1323	
2.0667	
2.1133	
2.0483	
2.0803	
1.9959	
2.0776	
2.0246	
1.9753	
1.9426	
1.9751	
1.9839	
1.9846	
1.9592	
1.9282	
1.9506	
1.9148	
1.8822	
1.8593	
1.8817	
1.8431	
1.8544	
1.8247	
1.8321	
1.7898	
1.7994	
1.7729	
1.7892	
1.7668	
1.7750	
1.7352	
1.7663	
1.7389	
1.7717	
1.7300	
1.7195	
1.7378	
1.7134	
1.7610	
1.7256	
1.6890	
1.7063	
1.7006	
1.6715	
1.6868	
1.6528	
1.6643	
1.6205	
1.6535	
1.6887	
1.6490	
1.6582	
1.6088	
1.6588	
1.6280	
1.6371	
1.5832	
1.5889	
1.5837	
1.5987	
1.6259	
1.6541	
1.5650	
1.5810	
1.5765	
1.6096	
1.5913	
1.5616	
1.5675	
1.6014	
1.5742	
1.5577	
1.5684	
1.5167	
1.5552	
1.5422	
1.5412	
1.5380	
1.5729	
1.5540	
1.5558	
1.5375	
1.5775	
1.5404	
1.5292	
1.5455	
1.5449	
1.5330	
1.4613	
1.5227	
1.5264	
1.4958	
1.5114	
1.6161	
