1.8366	
1.9060	
1.9255	
1.9528	
1.8703	
1.9468	
1.9179	
1.8664	
1.9591	
1.9338	
1.9553	
1.9408	
1.9251	
1.9855	
1.9132	
1.9473	
1.9221	
1.9100	
1.8814	
1.9222	
1.9340	
1.9419	
1.9741	
1.9150	
1.9453	
1.9304	
1.9156	
1.9319	
1.9520	
1.9334	
1.9435	
1.9107	
1.9663	
1.9079	
1.9150	
1.9983	
1.8976	
1.9338	
1.9247	
1.9380	
1.8866	
1.8981	
1.9461	
1.9042	
1.9029	
1.9192	
1.9194	
1.8877	
1.9554	
1.9447	
1.9194	
1.9424	
1.9046	
1.9309	
1.8935	
1.9149	
1.9309	
1.9341	
1.8935	
1.8881	
1.8554	
1.9412	
1.8974	
1.8929	
1.9016	
1.9574	
1.9232	
1.8966	
1.9023	
1.9343	
1.8625	
1.8816	
1.9473	
1.9303	
1.9142	
1.8824	
1.9222	
1.9562	
1.9306	
1.9043	
1.9005	
1.9168	
1.9305	
1.9302	
1.9135	
1.9191	
1.9159	
1.9027	
1.9283	
1.9461	
1.9471	
1.9521	
1.9330	
1.9577	
1.9467	
1.9111	
1.9234	
1.9829	
1.9237	
1.9864	
1.9625	
2.0074	
1.9818	
1.9258	
1.9681	
1.9914	
1.9935	
1.9798	
1.9731	
2.0156	
2.0595	
2.0786	
2.0349	
2.0579	
2.1161	
2.1676	
2.1234	
2.1674	
2.1562	
2.2427	
2.3350	
2.3249	
2.3302	
2.3411	
2.4160	
2.5192	
2.5586	
2.6154	
2.6891	
2.7639	
2.8504	
2.9407	
3.0817	
3.2786	
3.4597	
3.6013	
3.8916	
4.1503	
4.5291	
4.9971	
5.5185	
6.2934	
7.3910	
9.3455	
19.0883	
37.3449	
55.6752	
74.3841	
93.3115	
111.4207	
129.8463	
148.4881	
166.9428	
184.2923	
201.0863	
215.8513	
225.4142	
229.1042	
229.8725	
229.8340	
230.0510	
230.7139	
230.0782	
229.0357	
229.0319	
229.3023	
229.9743	
229.6279	
228.3360	
228.2941	
228.4009	
228.5245	
228.3301	
229.1779	
228.3685	
228.1335	
228.2809	
228.7155	
227.6567	
228.0303	
228.3152	
228.1230	
227.2783	
226.8741	
226.5536	
228.0128	
226.5149	
226.5978	
227.8510	
227.1772	
227.5815	
227.2506	
227.3906	
227.7811	
227.2294	
226.8472	
226.9014	
226.9481	
226.2108	
226.3748	
225.7597	
226.0641	
225.2812	
225.7759	
225.5145	
225.2113	
224.7767	
225.0375	
224.1030	
226.0457	
225.5111	
226.4215	
226.4453	
227.6823	
229.7761	
230.1220	
230.5185	
231.0503	
231.0241	
230.7415	
230.9021	
230.1103	
230.2904	
230.6792	
229.8308	
229.8798	
230.9759	
231.8575	
231.0213	
231.4998	
231.3189	
231.5501	
231.9353	
232.2780	
232.1363	
232.7943	
231.5269	
232.0687	
231.8634	
232.6857	
231.7176	
232.5446	
232.3454	
232.3659	
232.6285	
233.2695	
232.1234	
231.9808	
233.0038	
233.0882	
234.8792	
235.3897	
235.1836	
235.8817	
236.3146	
237.5678	
236.9118	
236.8458	
237.0926	
236.5543	
237.5398	
237.1163	
237.3819	
238.0251	
237.4888	
237.6536	
237.9790	
237.7376	
237.9698	
238.1358	
237.7976	
237.8815	
237.6818	
238.2264	
237.6853	
238.2706	
238.9038	
238.7202	
239.7286	
239.7431	
239.8723	
240.0078	
240.1185	
239.9667	
239.5950	
240.0422	
239.9677	
240.0461	
240.7687	
240.5906	
241.4525	
241.8976	
241.9117	
241.9844	
241.8218	
242.3831	
242.9360	
241.9991	
242.7452	
242.3488	
243.1988	
241.9959	
243.4128	
243.6311	
243.4525	
243.5953	
243.6859	
244.9063	
245.2697	
246.1201	
248.1398	
249.4071	
248.7699	
248.6835	
249.3183	
250.5636	
251.0350	
251.6812	
251.8316	
251.8583	
252.6254	
252.0259	
252.6421	
253.1286	
253.6052	
253.4687	
253.2186	
254.3342	
255.8504	
256.5029	
257.7755	
258.1107	
258.7599	
259.4107	
259.2198	
259.6519	
259.5242	
258.6578	
258.6663	
259.8420	
259.6831	
288.7149	
279.6692	
267.1398	
268.0580	
268.0917	
268.6388	
267.6815	
268.0104	
267.5784	
268.3701	
269.1568	
269.8277	
271.2100	
272.5899	
273.7023	
273.3203	
274.1965	
274.6516	
275.0803	
275.3265	
274.7153	
275.5507	
275.8756	
276.6508	
277.5121	
277.5054	
277.7578	
278.0733	
279.2082	
279.9490	
279.1377	
279.6653	
280.5468	
280.5363	
280.2908	
280.4775	
280.8554	
280.6582	
280.9325	
280.8428	
281.6895	
282.4990	
282.5173	
282.2217	
281.7446	
282.6012	
282.4468	
282.8823	
283.2382	
282.8533	
281.7697	
281.0809	
280.9323	
281.5996	
282.2985	
283.2209	
282.1832	
282.9330	
282.2112	
282.4351	
284.1769	
285.2852	
286.1674	
286.5612	
285.7740	
286.9473	
287.8073	
287.8209	
287.8575	
287.1473	
286.5646	
287.2466	
286.9424	
286.1065	
286.1212	
285.2602	
285.9750	
285.4951	
286.2526	
287.2013	
287.6832	
287.1401	
287.2096	
288.2185	
288.0963	
288.6071	
287.8708	
287.6881	
288.3781	
288.0972	
287.6640	
286.7881	
287.5211	
288.0217	
287.0059	
287.0631	
286.8837	
287.0342	
287.7885	
287.8486	
287.6032	
287.7650	
287.7112	
286.8721	
287.3064	
287.0996	
286.4738	
286.6063	
286.5199	
286.6542	
286.8772	
286.7475	
285.0514	
285.0621	
286.5196	
286.4736	
286.3649	
286.6259	
285.8494	
286.6077	
286.8148	
287.8151	
287.1431	
287.6762	
287.7274	
286.1758	
286.0127	
285.4732	
286.6646	
286.6057	
286.7374	
287.6359	
287.7179	
287.7471	
287.3987	
288.3059	
288.0128	
287.4958	
287.0369	
287.2332	
286.0189	
284.9111	
285.0771	
285.2808	
285.8322	
286.2149	
285.6924	
284.1673	
283.5490	
282.4244	
283.0365	
282.5046	
283.4095	
283.4007	
283.1509	
283.9042	
282.9749	
282.1961	
281.8703	
281.4497	
280.8808	
281.0358	
280.6823	
281.1741	
280.6333	
279.8124	
280.0753	
280.8927	
281.0666	
282.9900	
284.1972	
286.9487	
290.6176	
293.0761	
292.9551	
294.0520	
294.2463	
295.0443	
295.1282	
296.4242	
296.6371	
296.9543	
296.1996	
295.8324	
296.7970	
296.1998	
295.8609	
295.8049	
296.6519	
295.6729	
296.2997	
296.0669	
296.3483	
296.0866	
295.1127	
294.7321	
293.9708	
293.3679	
293.5376	
292.7715	
292.3595	
292.3494	
291.4512	
289.9709	
290.0654	
289.3924	
289.4210	
289.4696	
289.1135	
287.6978	
289.2912	
288.1103	
288.2130	
287.9015	
286.7238	
286.7730	
285.6891	
285.7765	
285.3095	
284.6429	
283.7152	
283.3533	
283.4525	
282.5442	
282.8656	
282.3006	
281.4960	
281.1526	
281.7967	
280.6671	
280.7638	
281.4326	
280.1570	
278.7514	
278.2928	
277.6676	
276.7596	
276.5119	
276.9209	
276.1985	
275.5824	
274.5231	
275.1071	
274.5410	
273.7014	
273.1988	
273.4689	
274.4532	
273.6585	
273.2750	
272.7675	
272.5775	
272.6917	
272.6151	
271.0446	
270.4434	
270.9204	
270.7116	
269.8276	
268.4023	
270.2151	
268.7128	
267.9888	
267.4956	
266.7866	
265.4430	
264.5427	
264.6786	
264.9377	
264.7578	
264.9490	
265.1813	
264.7411	
263.5789	
264.2376	
263.5733	
263.5880	
262.5065	
261.8390	
261.6775	
260.7947	
261.3473	
260.2468	
260.1992	
259.3323	
258.5486	
259.3370	
258.5754	
257.6377	
257.5515	
257.0445	
256.2098	
255.2527	
255.1311	
255.6809	
254.2043	
253.6742	
252.2253	
252.9195	
251.9707	
251.3761	
250.3772	
250.0918	
249.1687	
249.3207	
249.6438	
249.3118	
249.0383	
249.0374	
248.3979	
248.8379	
247.7056	
246.0336	
245.7200	
244.2098	
243.7767	
242.6906	
243.1957	
242.8473	
242.5220	
242.7522	
242.2017	
242.1685	
241.5461	
240.5310	
240.0532	
239.3165	
239.1346	
237.8623	
237.1547	
237.3130	
237.9008	
238.5379	
240.4776	
241.5014	
241.5439	
241.7470	
241.4467	
241.4852	
240.9225	
240.4494	
241.2130	
240.9340	
240.7948	
241.2306	
241.3409	
241.4132	
241.3252	
240.3841	
240.5749	
241.1249	
239.8667	
240.2042	
239.7661	
239.1211	
238.8233	
239.4205	
238.4704	
238.2486	
237.8323	
237.4655	
237.3480	
237.3344	
236.1272	
235.3320	
235.0088	
234.3685	
234.7466	
234.3518	
233.2774	
233.5418	
233.2029	
232.8983	
232.1842	
231.5404	
231.6711	
231.3538	
230.4111	
230.8664	
230.2945	
230.6586	
230.2983	
230.5565	
229.5013	
229.5674	
228.2165	
228.2912	
227.1704	
226.3020	
226.3612	
225.3908	
225.1435	
224.4735	
224.3841	
223.6409	
222.6403	
222.4396	
222.4059	
221.3131	
221.3873	
238.8974	
228.5255	
215.9008	
214.7041	
213.6970	
211.8208	
211.0110	
210.4359	
209.7345	
208.7367	
208.2802	
206.8255	
207.5351	
205.4970	
204.7756	
203.6642	
202.6535	
202.4457	
201.1867	
200.8541	
200.9165	
200.9918	
201.3165	
201.0944	
200.3247	
201.0865	
200.5656	
200.5794	
200.3113	
200.3461	
199.4498	
200.4598	
199.1674	
199.3060	
198.8950	
198.9963	
198.6434	
197.9257	
197.9059	
197.0131	
196.8438	
195.4721	
194.3145	
193.7318	
192.5229	
192.2654	
192.1714	
191.6895	
192.2083	
191.3214	
191.4524	
191.5817	
191.1931	
191.3487	
191.5525	
190.7027	
190.6307	
190.4150	
190.1005	
189.8426	
189.5098	
190.0118	
189.8267	
189.9748	
188.9092	
188.4246	
187.8930	
186.8399	
186.7628	
186.5433	
185.5283	
186.4715	
185.1100	
184.7495	
185.4065	
185.2398	
185.4938	
184.6132	
184.8981	
184.8745	
184.6445	
183.8598	
183.6332	
182.9528	
182.0758	
182.7209	
181.0606	
181.4788	
180.4889	
180.7637	
181.0981	
180.4355	
180.1351	
179.1173	
179.8168	
179.3501	
178.4694	
178.6973	
179.1317	
178.0647	
177.4483	
178.1026	
176.9602	
177.5128	
176.6640	
177.1215	
177.1360	
177.0502	
176.7646	
176.2365	
175.2192	
175.3723	
175.0835	
174.2290	
173.8269	
173.5044	
173.0993	
172.6289	
172.4311	
172.6783	
172.1569	
171.9801	
171.9005	
170.8661	
170.3023	
170.9952	
170.1047	
169.7534	
169.5546	
168.7486	
169.0696	
168.9784	
168.3913	
168.9840	
167.8396	
167.4897	
167.7949	
166.8750	
166.1150	
166.2585	
165.5897	
165.0019	
165.4173	
165.4317	
164.7853	
164.5000	
164.6985	
164.1224	
164.2495	
164.2446	
163.6283	
163.4427	
162.5933	
162.5492	
162.5352	
162.3059	
162.2362	
161.5785	
160.9124	
161.3253	
160.4610	
160.0859	
159.8631	
159.5606	
159.3564	
158.7377	
158.9037	
158.5965	
157.9543	
158.1068	
157.6622	
156.4998	
156.8618	
156.5067	
156.1140	
155.7496	
155.3146	
154.8422	
154.2035	
153.6283	
153.4922	
153.0804	
152.8900	
152.3897	
151.5231	
151.8760	
151.3032	
151.4073	
151.0701	
151.1863	
150.4086	
149.7861	
149.6567	
149.4488	
148.7693	
148.1212	
148.1108	
147.7845	
146.9169	
146.8451	
146.7046	
146.6579	
146.5397	
146.3181	
146.5650	
146.3930	
145.8313	
146.0920	
145.6848	
144.8775	
144.2494	
144.0440	
143.1806	
143.1723	
142.6506	
142.6662	
141.6102	
141.6281	
141.4765	
141.3138	
141.4125	
141.1945	
141.8208	
141.0914	
140.5221	
140.4778	
140.4462	
140.7944	
140.2280	
139.9295	
139.8213	
139.6799	
139.4345	
139.8035	
139.5388	
138.7592	
139.3064	
138.2446	
137.5574	
137.6545	
136.7482	
136.1031	
135.8095	
135.4464	
134.4780	
133.3259	
133.2400	
132.4716	
132.2672	
132.3932	
132.2974	
131.8291	
132.4915	
132.5296	
132.5517	
132.7969	
132.7698	
132.1143	
132.4178	
132.6109	
131.7654	
130.9156	
130.8358	
130.0877	
129.4892	
128.4262	
128.1178	
128.0718	
127.7518	
127.2165	
126.9907	
126.7387	
126.4996	
126.8847	
126.7034	
126.0622	
125.5646	
125.4513	
124.9797	
124.7934	
124.7425	
124.7304	
123.7322	
123.2474	
123.6813	
123.2075	
122.4938	
122.1013	
121.6397	
121.4808	
120.8633	
120.5212	
120.2500	
120.7756	
120.8153	
120.0882	
119.8751	
119.7972	
119.3633	
118.9318	
119.1072	
119.2054	
118.9294	
118.7843	
117.8010	
117.7565	
117.4803	
117.5781	
117.1436	
116.7169	
116.7144	
116.4934	
116.5143	
116.7076	
116.0337	
114.7002	
115.0674	
114.2949	
113.3743	
113.0766	
112.3387	
111.7055	
111.4316	
111.4027	
110.4058	
110.3887	
110.1297	
109.3242	
109.3194	
108.1034	
107.1378	
105.9372	
104.4710	
103.4151	
103.4530	
102.6344	
102.9805	
102.4664	
102.6637	
102.4495	
102.4369	
102.3217	
102.7765	
102.8710	
102.2105	
101.8778	
101.8426	
101.4471	
101.2873	
101.4233	
101.6365	
102.0244	
102.9090	
105.4069	
108.5731	
110.5334	
112.7420	
114.8704	
116.2888	
117.5409	
118.3489	
119.5140	
119.9622	
120.0442	
120.4016	
121.4422	
121.1558	
121.5210	
120.7979	
121.4610	
121.3164	
121.2327	
120.8788	
120.9777	
120.7998	
120.3984	
120.2891	
120.6422	
120.0257	
120.0290	
119.8325	
119.8353	
120.1440	
119.2797	
119.2092	
118.7389	
118.2406	
117.9493	
117.9300	
117.9121	
117.3321	
117.4598	
117.1980	
117.1306	
116.9453	
117.0032	
116.9484	
116.8669	
116.5787	
116.8802	
116.5062	
116.5409	
116.0589	
115.8468	
115.7312	
115.6015	
115.4858	
115.3214	
114.8218	
114.4722	
114.9432	
114.9027	
114.4349	
113.9664	
114.4034	
114.6087	
113.9065	
113.9749	
114.0970	
113.2535	
112.7494	
113.1894	
112.8279	
112.9576	
112.6139	
112.7295	
112.3828	
112.0650	
111.4855	
111.4433	
110.9804	
110.7830	
110.5611	
110.3945	
115.5369	
113.8068	
112.5729	
112.0541	
110.9036	
110.8972	
110.9661	
110.2144	
110.3908	
109.4107	
109.1910	
109.1868	
109.5008	
108.6080	
108.7634	
108.6795	
108.3750	
108.5991	
107.9932	
107.8786	
107.9492	
108.1585	
108.3123	
107.6606	
107.6310	
107.6287	
107.1858	
107.0739	
106.4458	
106.1968	
106.0342	
105.6138	
105.2159	
104.8578	
104.4895	
104.1353	
103.9878	
104.1534	
103.8248	
104.2416	
104.4085	
104.2672	
104.2608	
103.7439	
103.9147	
103.6530	
103.7132	
103.4177	
103.6782	
104.4166	
104.3476	
105.2173	
106.2559	
108.1421	
109.6090	
111.1154	
113.0446	
114.2494	
117.1241	
119.2291	
121.3973	
123.7512	
125.4426	
126.8790	
128.5218	
129.3190	
130.4525	
130.9068	
131.3768	
132.0983	
132.4212	
132.1535	
132.3242	
132.3663	
132.1241	
131.9893	
131.8270	
131.5494	
131.2511	
131.4907	
130.8008	
129.5852	
130.1793	
129.6139	
128.9522	
129.0095	
127.9052	
127.8740	
126.7849	
126.7908	
125.7035	
124.8838	
125.0303	
124.2247	
123.5959	
122.9734	
122.5638	
122.2942	
121.7913	
121.7871	
121.3483	
120.8824	
120.9018	
120.4343	
120.5264	
121.4343	
120.9593	
121.1677	
121.2470	
119.2720	
118.9700	
117.0123	
116.6624	
115.7208	
114.9754	
114.1263	
113.8368	
113.0510	
112.4224	
111.1253	
110.4251	
109.1161	
109.0636	
108.1833	
107.7958	
107.3468	
106.8443	
106.3262	
105.3261	
104.7770	
104.6349	
104.1291	
103.9065	
103.0025	
102.6854	
101.9946	
101.6024	
100.8204	
100.6056	
99.7767	
99.4789	
98.6076	
97.8122	
97.5045	
96.4986	
95.8482	
95.0912	
94.7239	
93.7217	
92.8246	
92.6453	
91.6620	
91.6002	
90.7326	
89.9898	
89.7707	
88.5634	
88.2666	
87.1589	
85.7323	
83.4015	
79.7547	
73.1597	
65.9384	
58.8177	
51.4997	
44.5656	
37.7967	
31.4159	
25.4023	
19.4378	
14.6430	
10.7907	
8.0374	
6.3473	
5.5925	
5.2899	
5.0187	
4.8457	
4.7169	
4.6239	
4.5622	
4.4652	
4.3624	
4.3611	
4.2016	
4.1708	
4.1006	
3.9932	
3.9459	
3.9140	
3.8045	
3.7434	
3.6927	
3.6125	
3.6191	
3.4724	
3.4541	
3.4091	
3.4169	
3.3704	
3.2947	
3.2604	
3.1870	
3.1102	
3.0829	
3.0120	
2.9834	
2.9994	
2.8891	
2.9165	
2.8951	
2.8454	
2.7849	
2.8446	
2.7877	
2.7002	
2.7563	
2.6852	
2.5729	
2.6228	
2.6276	
2.5557	
2.5529	
2.5249	
2.5140	
2.5053	
2.4627	
2.4456	
2.4498	
2.4129	
2.3129	
2.3684	
2.3942	
2.3905	
2.3122	
2.2905	
2.2557	
2.2572	
2.2786	
2.3137	
2.2835	
2.2611	
2.1985	
2.2756	
2.2199	
2.2042	
2.1622	
2.1658	
2.1394	
2.1974	
2.1766	
2.1421	
2.1607	
2.1582	
2.1630	
2.1170	
2.1446	
2.1410	
2.1156	
2.0882	
2.0578	
2.1277	
2.0986	
2.0234	
2.0431	
2.0657	
2.0107	
2.0289	
1.9919	
2.0308	
2.0172	
2.0320	
2.0299	
1.9731	
1.9478	
2.0125	
1.9680	
1.9196	
1.9040	
1.9373	
1.9773	
1.9343	
1.9503	
1.9416	
1.9092	
1.9525	
1.8975	
1.9217	
1.8908	
1.9289	
1.9050	
1.8983	
1.8860	
1.8908	
1.8694	
1.8819	
1.8671	
1.8481	
1.8838	
1.8396	
1.8674	
1.8072	
1.8561	
1.8746	
1.8337	
1.9204	
