1.5627	
1.5550	
1.5686	
1.5502	
1.6032	
1.5654	
1.5824	
1.6119	
1.5687	
1.5867	
1.5944	
1.6285	
1.6185	
1.6158	
1.6228	
1.6108	
1.6400	
1.6348	
1.5793	
1.6098	
1.6307	
1.5523	
1.6129	
1.6331	
1.6268	
1.6202	
1.6322	
1.6198	
1.6285	
1.6309	
1.6442	
1.6248	
1.6275	
1.6259	
1.5773	
1.6312	
1.5781	
1.5939	
1.6017	
1.6195	
1.6265	
1.6118	
1.6241	
1.6065	
1.6366	
1.6592	
1.6259	
1.6498	
1.6228	
1.5906	
1.6133	
1.6016	
1.6297	
1.5726	
1.5916	
1.6301	
1.6021	
1.6356	
1.6650	
1.6078	
1.6007	
1.6236	
1.6122	
1.6137	
1.6330	
1.6500	
1.6757	
1.6429	
1.5903	
1.5854	
1.6397	
1.6261	
1.6149	
1.6246	
1.6352	
1.6172	
1.6289	
1.6336	
1.6101	
1.6206	
1.6216	
1.6142	
1.6065	
1.6004	
1.6233	
1.6289	
1.6203	
1.6503	
1.6078	
1.6716	
1.6069	
1.6489	
1.6274	
1.6271	
1.6580	
1.6205	
1.6841	
1.6622	
1.6678	
1.6833	
1.6630	
1.7083	
1.6957	
1.7253	
1.7478	
1.7767	
1.7627	
1.8501	
1.8508	
1.8744	
1.8780	
1.9355	
1.9392	
1.9950	
2.0203	
2.0634	
2.1858	
2.1753	
2.2536	
2.3570	
2.3675	
2.4639	
2.5965	
2.6808	
2.8366	
2.9443	
3.0826	
3.2399	
3.4769	
3.7140	
3.9822	
4.2533	
4.6423	
4.9627	
5.5676	
7.5057	
16.0159	
30.9145	
46.7183	
62.8649	
79.5589	
97.1309	
114.2061	
131.9826	
150.1367	
169.2523	
187.6075	
205.3583	
222.8326	
240.5874	
258.4336	
275.2342	
292.5302	
309.0012	
325.9271	
339.8291	
343.0349	
344.3316	
344.0747	
344.0439	
343.2166	
343.4408	
343.2816	
342.8017	
342.9531	
343.4212	
343.7740	
343.6295	
344.0534	
342.8634	
343.3930	
343.1513	
342.8660	
342.6270	
342.4677	
342.0444	
342.1234	
342.0317	
341.8260	
341.2155	
341.0668	
340.7357	
340.6809	
340.2508	
340.5283	
339.9563	
338.9935	
339.2997	
339.1853	
339.9868	
339.4071	
339.8896	
339.5150	
338.9922	
338.4398	
339.0405	
339.5822	
339.2973	
338.5045	
337.7980	
338.6405	
338.4913	
339.4415	
339.4661	
338.2701	
339.9861	
338.0359	
338.3745	
338.2207	
338.9519	
339.4068	
340.6459	
340.5098	
342.2504	
344.7523	
345.9420	
346.0630	
346.4572	
346.6458	
345.9335	
346.5113	
346.5489	
346.4843	
345.5905	
345.7361	
346.2359	
346.0514	
345.7204	
346.9698	
346.6522	
346.8505	
345.7624	
346.4684	
346.8810	
346.5328	
347.1865	
346.4660	
346.4508	
346.3870	
346.3507	
346.6764	
347.0194	
347.3194	
347.7002	
347.9127	
348.1036	
347.5365	
348.2918	
349.1765	
349.5390	
350.7455	
352.3790	
353.4862	
352.7888	
352.9334	
352.9833	
352.9339	
353.0446	
352.6743	
352.9339	
353.7640	
353.6985	
353.4137	
353.4077	
354.7111	
354.3477	
354.9339	
355.6242	
355.6447	
355.7784	
355.4830	
356.1646	
355.1012	
356.2424	
356.1455	
355.7490	
356.9595	
357.0025	
357.6009	
357.2270	
357.0933	
356.3773	
356.8857	
357.7047	
358.4191	
357.3344	
357.5740	
358.1082	
358.8838	
359.2686	
359.6473	
359.9863	
360.1625	
360.2108	
360.6785	
361.2910	
361.4460	
361.1556	
361.4923	
362.1227	
361.9909	
361.6362	
362.9077	
363.7666	
362.5182	
362.9884	
364.0462	
364.1350	
365.5271	
366.3572	
368.4645	
371.4866	
373.7060	
374.5439	
373.9929	
376.9926	
376.6836	
376.6154	
377.7144	
377.4692	
377.4905	
377.7748	
378.5882	
378.4137	
379.4774	
378.6558	
379.8528	
380.1100	
382.7043	
384.5780	
385.4740	
386.6261	
387.4819	
388.5992	
388.7713	
389.6014	
390.1166	
389.4662	
389.9815	
390.7146	
390.6477	
436.2437	
422.2338	
402.8276	
403.6591	
403.5260	
403.6600	
403.4288	
403.8156	
403.1494	
403.2753	
404.1399	
404.9802	
407.4832	
409.9373	
412.2670	
412.9676	
414.3619	
414.2398	
415.6747	
416.1683	
416.4989	
417.6854	
418.0156	
417.6526	
417.1617	
418.8181	
419.6140	
419.3213	
418.9119	
418.8524	
419.0927	
420.3167	
420.6461	
419.4605	
420.6173	
421.4511	
422.3931	
422.3576	
422.9503	
424.6318	
424.5868	
424.4030	
425.3155	
424.7044	
425.7819	
426.2160	
425.3582	
426.2203	
426.3224	
426.7509	
426.9615	
426.9160	
427.2728	
427.6917	
427.7963	
428.0756	
427.8334	
428.9768	
430.1703	
429.8430	
431.6779	
431.4576	
432.0596	
432.7079	
433.1917	
433.8553	
432.6567	
433.6162	
433.4924	
432.2444	
432.0253	
432.5464	
432.7725	
433.6464	
433.2989	
434.1972	
435.3353	
434.6428	
434.8030	
434.9770	
434.0041	
435.4830	
434.6204	
434.5566	
434.6358	
434.4347	
434.1737	
433.7184	
434.0853	
434.4122	
435.0909	
435.2732	
434.4865	
435.7997	
437.2588	
436.8116	
436.8944	
437.1353	
436.6194	
437.0623	
436.6203	
435.8502	
435.3534	
435.7563	
436.0724	
436.8084	
437.1222	
437.1461	
436.3667	
435.4777	
435.1738	
435.5332	
435.6890	
434.9665	
435.3097	
435.7193	
435.8421	
435.0992	
434.8859	
435.0196	
435.2486	
435.0488	
434.0847	
434.4791	
434.4195	
433.9861	
434.0727	
435.1099	
434.7318	
435.9171	
436.2835	
436.4608	
437.8895	
437.1220	
437.7840	
437.8305	
436.4176	
436.8329	
438.1760	
437.6338	
438.1185	
436.8321	
437.2609	
437.3651	
437.4091	
436.7638	
436.8822	
436.8552	
436.0500	
435.7441	
434.8008	
434.0471	
433.7347	
434.5506	
433.4709	
433.9325	
433.1657	
432.0612	
432.2117	
431.9145	
431.2458	
431.2035	
430.5392	
430.3255	
430.5288	
430.5883	
430.3593	
430.0278	
431.5461	
432.1452	
433.6423	
437.7912	
443.0541	
448.1953	
450.0745	
451.6235	
453.1800	
453.4116	
454.0723	
454.9230	
454.8065	
455.4113	
455.3510	
454.8264	
454.2647	
454.8949	
454.7921	
454.5600	
453.8717	
453.2780	
452.5067	
452.0455	
452.1319	
451.8009	
450.5279	
449.4403	
449.5667	
448.6290	
447.8135	
447.1627	
446.7262	
446.8246	
447.1371	
445.9524	
445.9275	
445.0028	
444.1667	
443.6951	
444.4639	
442.7132	
444.1531	
442.8845	
441.5859	
440.9382	
441.1041	
440.3428	
438.5779	
438.1105	
437.6642	
436.1500	
435.4864	
434.8438	
433.8157	
433.3137	
432.3707	
431.5234	
431.2515	
430.7324	
431.0159	
430.2455	
429.9271	
428.2970	
428.5839	
428.3411	
426.9312	
426.3221	
425.5269	
424.4579	
422.7704	
422.6536	
421.2209	
421.4412	
420.0840	
421.6200	
421.0440	
420.5474	
420.2355	
420.5880	
419.1036	
417.7406	
417.8636	
416.4729	
415.9215	
415.2334	
415.1204	
415.2133	
414.2139	
413.7598	
412.4553	
411.8160	
411.0993	
410.0876	
409.9857	
409.1524	
408.5712	
407.9876	
408.4189	
406.6393	
406.5910	
404.9544	
405.6062	
405.8349	
403.5152	
402.8626	
403.3484	
401.9599	
400.3908	
400.5081	
399.7159	
398.1264	
397.8303	
397.6431	
397.2242	
395.6702	
395.6084	
396.1946	
396.0540	
394.4285	
394.1009	
393.5723	
393.6067	
391.8339	
391.0426	
390.7557	
389.5707	
388.8576	
388.2507	
386.4746	
386.4171	
385.5280	
385.2776	
385.3215	
384.0346	
383.3894	
383.0008	
382.0154	
381.8415	
380.6280	
380.1259	
378.2916	
378.2914	
378.3769	
376.6854	
375.6293	
374.6245	
374.9881	
373.4305	
373.1341	
372.3892	
372.3690	
371.9719	
370.8140	
370.0716	
368.6510	
368.3988	
367.2726	
366.0355	
365.3025	
364.5523	
363.9796	
363.7593	
365.1054	
367.6956	
370.7460	
373.9791	
375.9416	
376.9954	
378.6476	
378.4784	
378.7784	
378.3975	
378.2341	
377.8235	
377.7859	
377.8168	
377.8168	
376.7550	
376.7600	
376.0420	
375.0633	
373.5023	
373.7336	
372.7036	
371.5268	
371.9995	
371.3081	
370.6398	
371.3044	
370.2830	
369.4193	
369.4682	
368.5169	
367.1963	
365.8601	
366.6096	
365.2912	
364.7624	
364.3826	
363.4855	
363.6986	
362.3227	
362.1305	
361.8103	
360.9774	
360.0092	
359.0384	
359.6057	
358.8353	
357.7780	
358.0241	
358.0871	
357.5132	
357.1663	
356.4604	
356.2282	
355.5288	
354.5405	
355.0501	
353.7690	
353.0644	
352.3342	
352.6580	
352.4664	
351.9078	
350.3564	
350.5131	
350.2201	
349.9296	
347.4552	
347.3837	
378.6782	
360.0601	
338.5424	
336.0267	
333.8278	
332.5295	
331.6007	
329.5844	
328.9398	
327.2115	
327.0960	
326.7652	
326.1957	
324.8764	
323.7609	
323.5143	
323.2014	
322.2133	
321.5309	
320.6078	
320.0465	
318.7589	
317.6886	
317.7234	
317.4709	
316.4279	
316.2443	
315.6288	
314.6053	
314.2032	
313.4186	
312.9980	
312.2491	
311.5922	
311.1238	
311.6868	
311.3591	
310.7469	
310.1913	
310.3993	
309.2033	
309.2129	
308.8112	
308.7878	
307.9622	
307.4433	
306.5395	
306.3264	
305.5244	
304.7777	
303.7539	
302.7549	
302.0704	
301.4353	
300.8538	
300.5937	
299.7740	
299.9445	
298.9653	
298.5271	
298.3211	
298.4132	
297.9521	
298.2052	
297.3474	
296.6731	
296.6911	
295.8591	
295.0824	
295.4162	
294.4567	
294.0843	
293.5385	
293.5863	
293.4392	
292.3594	
291.6511	
291.8221	
291.0933	
289.7536	
289.4144	
288.6671	
288.1372	
287.1990	
286.6534	
285.5438	
285.0264	
284.8842	
285.1921	
283.7639	
284.0996	
282.7259	
282.0534	
282.1013	
281.9043	
281.7581	
281.9590	
281.9565	
281.2987	
280.9355	
280.0665	
279.8683	
278.3699	
278.1393	
278.1978	
277.6054	
276.9845	
276.8018	
277.2636	
276.2555	
276.0218	
275.7967	
275.2175	
275.1006	
273.3213	
274.1548	
273.1409	
272.3142	
272.0411	
271.8936	
271.6342	
271.3015	
271.2639	
269.7979	
269.8751	
269.8069	
269.3605	
269.3282	
268.6916	
267.6552	
266.2036	
266.0702	
264.9436	
264.2522	
264.3962	
262.8486	
262.0241	
262.2634	
261.2354	
260.7780	
260.0157	
259.6978	
259.6566	
258.4593	
257.7310	
257.1912	
255.9732	
256.1805	
254.9428	
255.1249	
254.3071	
254.0593	
254.8384	
254.5576	
254.0100	
254.6746	
253.9680	
254.3551	
252.8494	
252.8428	
252.4492	
251.8417	
251.3069	
251.7625	
251.1800	
251.4025	
250.3477	
249.6616	
249.9073	
249.0137	
248.5813	
247.2135	
247.0584	
245.6427	
244.4365	
244.0169	
243.5189	
243.5807	
242.2922	
241.9920	
241.6158	
241.0771	
241.1273	
240.7111	
240.7628	
241.0005	
240.4109	
240.8106	
240.1881	
240.3097	
240.6186	
240.3301	
240.5966	
239.7703	
238.8755	
238.8904	
237.9839	
237.6721	
237.1668	
237.6796	
237.2484	
237.0760	
236.6336	
236.9033	
236.4484	
235.7547	
234.5098	
234.0380	
233.5498	
233.3136	
232.5514	
232.7296	
231.9384	
231.3213	
230.8378	
230.8344	
229.6519	
229.6557	
228.9565	
228.8639	
228.1323	
228.0206	
227.3088	
226.6981	
226.4628	
225.4669	
225.7625	
224.7874	
224.2889	
223.6098	
223.5704	
223.3484	
222.9280	
222.6607	
222.8561	
222.5552	
221.9554	
220.9567	
220.9655	
219.8785	
219.2454	
218.8542	
218.2333	
218.2060	
217.7589	
218.0189	
216.8960	
216.5440	
216.5216	
215.4736	
215.1692	
215.1932	
214.7419	
214.5323	
213.9456	
213.5174	
212.6046	
212.0709	
211.9075	
210.8281	
211.0390	
210.7530	
210.4642	
209.6413	
209.7712	
209.1367	
208.9467	
208.1925	
207.9162	
207.1920	
207.0422	
206.8196	
206.5044	
205.9274	
205.4143	
205.0044	
205.0435	
204.4896	
203.8430	
203.1532	
202.5275	
202.6400	
201.7363	
200.9885	
201.0422	
201.0259	
200.6881	
200.8218	
199.3254	
198.7927	
197.5679	
196.9778	
196.4706	
196.0553	
195.3917	
195.1059	
194.5765	
194.4801	
194.3238	
193.5977	
193.1069	
193.1057	
192.6944	
191.8363	
191.6167	
190.6118	
190.6300	
190.1006	
189.6226	
189.6213	
187.6402	
187.2442	
186.7677	
185.9509	
184.8235	
183.8327	
183.1861	
183.1674	
182.8067	
181.8920	
181.4820	
180.8310	
179.8588	
179.4250	
178.3151	
177.1415	
176.3460	
176.0160	
175.0345	
174.8459	
174.3661	
173.5833	
172.5518	
171.1357	
170.7998	
170.3853	
169.8589	
169.4493	
169.2189	
167.0342	
166.4668	
165.1573	
163.9641	
163.7220	
162.6705	
162.1935	
161.3199	
159.6240	
159.3942	
158.6079	
158.6666	
159.0058	
160.0735	
163.3868	
168.0520	
173.4188	
177.6762	
182.1020	
185.2507	
187.3533	
189.6023	
190.3934	
192.7428	
192.9443	
193.8737	
193.6246	
194.4587	
194.2685	
195.2093	
194.7897	
194.5000	
195.0481	
194.5455	
195.1127	
194.6225	
194.4498	
193.5321	
193.6566	
193.4071	
192.7594	
192.5612	
192.3330	
191.7834	
191.7891	
190.8196	
191.2265	
190.0617	
189.9461	
189.7384	
188.7938	
188.3163	
188.0570	
188.2987	
187.8151	
188.0830	
187.4058	
186.9583	
187.1344	
187.4760	
186.7725	
187.2991	
186.8573	
186.5888	
186.5596	
186.0871	
185.3163	
184.6838	
184.8217	
184.1748	
183.5507	
183.9937	
183.4307	
183.5472	
183.1924	
183.2332	
183.5574	
182.8198	
183.3989	
182.7171	
182.0525	
182.1668	
181.8807	
182.0427	
181.5693	
181.2488	
181.2718	
180.6183	
179.3494	
179.0154	
178.8511	
178.3365	
178.6511	
178.2144	
177.7522	
181.3390	
179.2854	
177.7786	
176.5641	
176.1215	
176.1329	
175.4012	
175.9293	
175.7755	
175.4562	
175.2729	
174.6628	
175.6989	
175.1013	
174.6848	
174.9395	
174.4655	
174.8807	
174.2929	
174.0403	
174.2129	
173.6190	
173.7916	
174.0086	
173.1682	
173.3422	
173.0603	
173.3566	
172.6783	
172.0553	
172.6154	
172.0519	
172.3489	
171.8431	
171.5904	
170.8894	
170.7477	
170.4696	
169.8664	
170.4043	
169.5500	
168.9462	
169.0701	
169.5256	
169.9263	
169.7000	
169.6524	
170.1563	
170.4783	
171.5867	
171.7912	
172.2525	
173.0750	
173.3328	
174.7134	
175.4263	
176.1030	
176.9324	
177.2031	
177.8447	
178.3601	
178.5866	
179.0555	
179.3213	
179.1662	
179.1996	
179.5542	
179.5601	
179.0752	
179.1080	
178.7640	
179.3604	
178.6170	
178.8442	
178.3949	
177.9687	
178.1554	
177.2214	
177.0491	
176.1709	
176.1702	
175.8757	
175.6635	
175.0019	
174.4602	
173.6002	
173.3265	
171.6952	
171.1084	
170.0505	
168.2503	
167.9614	
165.7701	
165.0297	
163.8936	
163.2600	
162.2748	
161.0249	
159.9056	
158.4364	
157.1455	
154.9271	
152.9593	
150.5491	
147.8698	
145.2712	
142.5690	
139.8002	
137.6716	
134.9306	
132.5720	
129.7311	
126.6636	
124.6592	
121.8010	
119.2444	
116.2722	
113.6164	
111.2898	
108.9131	
106.1938	
104.0112	
101.6741	
99.3146	
97.2923	
94.8713	
92.6836	
90.5152	
88.3380	
85.8270	
83.5261	
81.4712	
78.9881	
76.7157	
74.1140	
72.0093	
69.4929	
67.2789	
65.3918	
63.5594	
61.3938	
59.5043	
57.3421	
55.1698	
53.4122	
51.0496	
48.9436	
47.2974	
45.4068	
43.4438	
41.1489	
38.2864	
35.4491	
32.5327	
29.8443	
26.8797	
23.9967	
21.1780	
18.4327	
15.8927	
13.3397	
11.0747	
9.0729	
7.5868	
6.3109	
5.5941	
5.0918	
4.8980	
4.7061	
4.6801	
4.4740	
4.2935	
4.1874	
4.0870	
3.9724	
3.9205	
3.7757	
3.7386	
3.6266	
3.6409	
3.5390	
3.4845	
3.4323	
3.3660	
3.3031	
3.2452	
3.2621	
3.1224	
3.1217	
3.0481	
2.9561	
2.9186	
2.9021	
2.8610	
2.8207	
2.7805	
2.7393	
2.7113	
2.6454	
2.6342	
2.6013	
2.5538	
2.5085	
2.4705	
2.4577	
2.3930	
2.3737	
2.3443	
2.3435	
2.2995	
2.2624	
2.2600	
2.2360	
2.2393	
2.1788	
2.1445	
2.1288	
2.1306	
2.1459	
2.1030	
2.0968	
2.0571	
2.0256	
2.0519	
1.9925	
2.0170	
1.9879	
2.0004	
1.9971	
1.9481	
1.9528	
1.9191	
1.9387	
1.9410	
1.9149	
1.8648	
1.8421	
1.8842	
1.8823	
1.8126	
1.8361	
1.8419	
1.8427	
1.8250	
1.7933	
1.8144	
1.8096	
1.7670	
1.7689	
1.8035	
1.7574	
1.7090	
1.7471	
1.7539	
1.7448	
1.7426	
1.7298	
1.7143	
1.7211	
1.6960	
1.6922	
1.7110	
1.7000	
1.7091	
1.6953	
1.6912	
1.6918	
1.6583	
1.7032	
1.6619	
1.6753	
1.6547	
1.6245	
1.6665	
1.6635	
1.6275	
1.6342	
1.6381	
1.6394	
1.5950	
1.5846	
1.5800	
1.6110	
1.6453	
1.5676	
1.6135	
1.5486	
1.5948	
1.6080	
1.5627	
1.5847	
1.5852	
1.5779	
1.5734	
1.5735	
1.5479	
1.5878	
1.5445	
1.5496	
1.5424	
1.5374	
1.5678	
1.5540	
1.5921	
1.5449	
1.5484	
1.5815	
