1.6410	
1.7186	
1.6854	
1.7010	
1.6869	
1.7388	
1.7006	
1.6740	
1.6721	
1.7239	
1.7444	
1.6649	
1.7195	
1.7296	
1.6931	
1.7401	
1.6932	
1.7884	
1.7723	
1.6697	
1.7202	
1.7432	
1.6819	
1.7118	
1.7347	
1.7156	
1.7150	
1.7571	
1.7320	
1.6685	
1.6855	
1.7121	
1.7208	
1.7168	
1.7247	
1.7307	
1.7388	
1.6737	
1.7137	
1.6813	
1.6824	
1.7699	
1.6688	
1.7049	
1.7328	
1.6786	
1.7008	
1.7237	
1.6744	
1.7316	
1.6963	
1.6800	
1.6788	
1.7038	
1.7013	
1.7465	
1.6629	
1.6935	
1.7005	
1.7309	
1.7390	
1.7542	
1.7698	
1.6684	
1.7261	
1.7061	
1.7189	
1.7196	
1.6990	
1.7246	
1.7000	
1.6922	
1.7193	
1.6798	
1.7121	
1.7413	
1.7260	
1.7192	
1.6607	
1.6792	
1.7225	
1.7604	
1.7264	
1.7819	
1.6361	
1.7326	
1.7062	
1.7376	
1.7707	
1.7582	
1.7588	
1.7407	
1.7801	
1.7596	
1.7730	
1.7976	
1.8111	
1.8166	
1.7809	
1.7994	
1.8356	
1.8652	
1.8526	
1.8389	
1.8578	
1.8651	
1.8948	
1.8887	
1.9630	
1.9392	
2.0671	
1.9923	
2.0480	
2.1036	
2.1317	
2.1901	
2.2744	
2.3842	
2.3537	
2.4536	
2.5182	
2.5591	
2.7383	
2.7911	
2.9671	
3.0704	
3.1617	
3.4113	
3.5126	
3.9469	
4.1138	
4.2240	
4.7414	
5.0035	
5.4096	
5.9231	
6.6919	
7.7330	
9.8182	
17.0000	
32.0880	
49.5684	
67.5457	
84.9351	
102.9185	
120.1641	
137.5365	
154.6583	
172.3138	
189.6606	
207.1405	
223.9513	
241.4566	
257.4884	
275.3082	
291.6961	
309.7532	
325.0291	
339.7144	
347.3115	
348.1823	
348.1526	
346.8550	
346.8873	
347.3954	
347.5663	
347.7573	
348.7998	
348.2679	
348.0069	
347.3429	
347.8553	
347.0257	
347.2129	
346.7346	
347.2379	
346.8919	
345.9873	
346.6498	
345.5035	
345.2467	
346.8656	
346.2249	
346.1875	
346.5182	
345.4578	
346.1629	
345.5201	
345.9655	
347.1962	
347.0584	
345.3581	
346.5562	
344.9736	
346.0042	
345.5917	
347.0305	
344.8635	
346.4612	
344.9925	
344.5146	
344.8608	
345.5464	
346.1938	
347.0057	
345.3900	
346.0619	
346.8295	
346.8814	
346.9941	
348.2591	
348.1322	
347.8920	
348.6895	
352.6126	
352.7396	
353.9724	
353.8441	
354.3700	
354.2130	
354.5400	
355.4380	
356.1505	
355.1617	
355.3837	
356.3657	
355.4031	
354.5159	
355.4684	
354.8232	
355.4694	
355.0829	
356.0309	
356.7173	
356.8033	
357.2267	
357.3789	
356.7656	
356.0353	
356.3562	
355.6227	
356.6324	
356.7102	
357.3724	
358.3297	
358.6853	
359.3022	
359.5316	
361.3928	
362.5802	
364.8748	
365.1625	
365.6556	
366.5395	
367.3641	
367.2366	
367.5766	
367.3735	
367.1137	
367.1611	
366.3052	
366.0627	
367.3635	
366.4846	
366.9549	
367.7568	
368.8527	
368.5670	
369.7222	
368.7664	
368.9605	
370.6893	
370.0848	
371.1943	
371.4179	
371.9627	
372.4298	
372.7444	
372.5861	
371.8988	
373.3801	
374.4247	
373.7061	
374.1682	
375.3763	
376.3498	
376.2573	
374.7039	
375.6278	
375.8053	
376.7327	
376.8145	
377.0848	
377.3597	
377.7050	
377.9900	
378.1104	
378.3248	
378.8429	
381.7526	
382.6806	
383.0592	
383.2443	
383.4882	
384.0389	
381.3432	
383.2376	
383.7054	
384.8439	
386.7144	
388.9742	
391.9389	
393.1109	
394.3195	
394.7344	
396.9987	
398.1277	
397.9541	
398.2310	
398.0552	
399.4747	
399.7117	
401.0138	
399.9884	
400.7703	
402.2894	
400.6496	
401.9076	
405.0547	
408.4315	
408.0673	
410.0651	
411.2388	
410.2616	
412.6426	
413.2112	
412.4890	
413.8138	
412.7316	
413.9806	
415.5567	
466.0439	
458.0885	
435.4260	
433.2924	
433.9975	
433.4482	
432.5830	
434.3184	
435.1163	
435.7945	
435.7485	
437.9489	
440.2840	
443.3990	
444.6799	
445.0183	
445.4098	
447.5318	
448.7881	
448.6411	
450.6784	
451.0651	
451.5574	
452.6844	
452.6363	
452.6119	
454.6128	
455.0708	
455.2751	
456.2492	
456.0819	
456.4790	
456.4602	
456.9461	
457.7466	
458.6488	
459.5088	
460.4573	
461.0833	
461.1657	
460.9592	
460.7520	
461.0366	
461.4951	
463.2115	
463.0261	
463.4017	
464.1875	
465.6115	
464.3867	
465.6792	
465.8298	
464.9199	
465.5984	
466.4980	
466.5476	
465.7180	
465.3966	
465.8237	
467.6595	
468.5643	
468.2285	
470.4684	
470.9733	
472.3646	
473.8776	
472.9458	
473.9923	
474.1419	
474.3510	
473.9470	
474.5316	
474.5834	
473.8848	
474.8168	
473.9537	
474.6331	
476.8016	
477.5492	
477.2004	
477.3868	
479.0053	
478.4996	
478.2169	
478.1866	
479.1107	
478.8622	
480.2928	
479.6061	
479.8486	
477.9392	
479.0859	
479.5963	
478.2270	
480.3909	
478.5068	
477.3156	
476.9376	
476.5203	
477.4028	
478.4269	
478.6647	
479.8590	
480.7323	
480.0594	
480.9273	
481.6533	
479.1707	
479.2961	
479.9648	
479.8919	
479.2615	
479.1196	
478.9971	
480.5492	
481.0987	
482.1155	
482.8952	
483.5291	
482.3093	
483.4153	
481.1230	
480.2964	
479.8608	
480.0062	
479.9741	
478.8692	
480.1377	
483.1935	
484.0758	
483.8394	
484.3169	
484.1281	
484.3712	
483.6944	
484.3288	
483.4476	
483.0620	
485.1143	
484.0344	
484.0638	
483.7241	
484.3290	
484.7531	
485.1511	
484.8566	
484.6395	
485.4732	
482.5679	
481.6724	
480.3640	
481.0130	
480.3061	
480.4099	
480.2463	
480.1448	
479.5865	
480.9119	
479.3678	
479.5147	
478.8863	
478.2063	
477.6803	
476.8127	
477.0196	
475.0394	
474.3074	
475.9532	
478.1255	
480.1577	
484.3755	
489.8358	
494.7540	
499.7802	
500.6984	
501.4748	
502.4321	
502.7535	
504.0866	
504.7888	
505.2132	
505.8817	
506.2304	
507.4619	
506.4199	
505.1668	
504.3810	
505.5784	
505.0445	
504.6583	
505.6584	
505.0748	
504.5069	
504.6641	
504.3097	
502.3398	
503.2419	
501.2001	
499.5484	
498.9198	
498.8506	
498.8560	
497.1888	
497.7317	
496.3972	
495.2899	
495.5572	
494.5587	
495.5468	
493.8207	
495.0205	
494.6917	
494.4086	
492.8424	
493.6815	
491.0954	
491.3480	
490.0627	
488.5939	
486.3376	
486.3055	
484.5374	
483.9607	
483.1118	
482.2986	
482.5919	
482.8472	
479.6909	
479.2336	
478.9265	
478.8035	
478.7613	
478.6081	
478.6882	
479.2502	
476.5347	
475.7365	
474.1933	
474.7344	
472.3423	
471.4829	
472.3165	
471.4924	
471.0981	
473.5373	
471.7921	
470.3882	
471.3677	
471.0966	
471.4546	
467.3590	
467.5216	
467.0345	
466.0251	
465.7839	
465.6165	
465.7495	
463.8806	
464.3357	
462.2648	
460.6965	
461.8000	
461.9214	
461.5419	
459.6993	
459.8018	
460.1732	
458.2155	
458.3669	
456.8032	
455.1629	
453.7702	
452.3458	
450.0863	
450.1918	
449.9204	
451.4066	
450.2872	
449.1814	
450.3125	
449.9366	
448.5589	
449.4027	
446.7309	
448.3493	
446.2017	
444.6008	
445.2365	
445.0713	
444.2554	
443.8710	
443.9064	
442.0048	
442.8748	
441.5453	
439.5865	
438.2594	
438.4104	
435.8519	
435.8950	
433.7069	
433.3188	
433.7155	
433.2391	
432.1151	
431.1729	
429.1916	
429.4247	
428.2774	
429.3870	
427.7796	
428.6167	
426.4908	
425.7191	
424.2809	
424.4978	
423.0694	
422.8094	
421.9087	
420.7037	
421.2022	
420.5075	
419.2907	
419.5413	
417.6711	
416.2272	
415.4706	
414.1639	
412.0789	
411.7999	
412.0555	
414.4098	
416.4155	
419.2627	
422.7082	
423.7848	
424.7861	
426.6689	
427.4622	
426.2459	
426.4768	
427.9386	
426.4029	
426.1464	
424.5824	
425.3158	
425.6472	
423.8048	
424.6483	
422.8707	
423.4158	
422.8141	
422.2052	
422.5430	
421.4970	
420.2560	
420.7604	
419.0098	
418.8339	
418.1408	
416.8211	
416.7188	
416.1657	
414.9003	
415.1064	
413.5484	
414.5087	
412.5054	
411.4214	
411.6040	
411.1508	
410.2745	
409.7302	
408.9677	
408.7614	
409.9439	
408.4279	
408.4579	
408.1832	
407.2327	
406.6534	
405.6833	
403.8109	
405.1183	
403.1097	
401.9012	
401.2531	
399.4251	
399.6767	
398.8890	
398.8504	
398.0755	
396.3067	
397.8800	
397.1835	
396.5153	
395.7272	
394.3989	
392.8698	
391.4494	
429.4786	
407.7172	
381.8075	
379.6794	
378.3715	
376.3661	
376.5309	
375.0609	
374.4679	
372.6729	
373.1264	
372.7986	
370.9840	
370.7586	
370.0149	
368.8484	
367.2424	
366.7485	
365.7892	
364.9956	
363.6832	
364.0667	
363.2738	
362.6901	
362.5071	
361.4904	
361.6838	
360.2776	
358.9531	
358.6530	
358.7855	
358.1292	
357.5111	
358.1003	
357.2845	
357.0535	
357.0763	
356.5945	
355.6755	
353.2440	
352.4373	
351.7691	
351.8882	
350.6628	
351.1361	
349.7216	
348.7365	
347.4302	
346.2150	
345.5606	
344.4957	
342.5991	
340.0150	
339.8347	
340.0211	
340.5740	
340.0439	
340.7655	
341.2776	
339.9003	
340.7339	
340.9359	
340.4483	
340.3236	
339.1761	
339.9046	
338.5619	
337.5911	
337.0412	
337.4339	
335.7477	
335.6500	
335.2540	
334.7707	
334.1131	
333.8091	
334.1747	
333.7888	
332.9577	
332.8930	
331.7983	
331.2097	
331.4730	
330.0822	
329.6465	
329.2076	
329.1378	
328.8044	
327.4850	
326.5014	
325.4751	
325.8238	
324.0295	
324.0766	
324.1700	
323.2459	
323.9652	
323.9099	
323.3982	
323.9383	
323.5450	
322.3983	
321.6327	
321.5944	
320.6440	
320.3082	
318.6255	
318.2822	
317.6821	
316.6923	
316.6072	
315.7153	
315.2653	
315.1857	
314.8496	
314.4580	
314.0124	
314.1389	
313.0980	
312.9660	
312.1849	
311.4937	
310.7705	
309.4224	
308.8751	
308.7891	
307.9846	
307.0681	
307.1101	
306.5394	
305.2380	
305.0986	
304.3770	
303.5667	
302.9482	
302.4796	
301.7856	
301.1205	
300.3990	
300.2225	
299.9839	
298.4776	
298.7978	
298.6170	
297.5223	
296.9687	
296.4817	
296.5051	
295.6928	
295.8513	
295.5052	
294.7122	
296.0931	
296.3657	
295.8809	
295.9617	
295.4129	
295.3109	
294.0048	
293.4912	
293.6395	
292.4987	
291.9105	
290.4750	
290.8990	
290.9007	
289.5634	
290.4344	
290.7042	
290.6653	
289.7528	
288.8071	
288.3836	
286.3758	
286.4738	
285.5792	
284.0708	
283.5686	
283.4791	
282.9738	
283.3190	
282.2236	
281.8153	
281.5082	
282.1082	
281.2861	
281.3030	
280.7054	
280.7125	
280.5461	
280.6686	
280.5257	
279.2952	
278.8403	
278.5300	
278.0163	
278.1057	
276.2683	
276.2640	
275.9830	
275.9702	
275.1086	
274.6826	
275.3035	
274.5538	
273.9486	
272.3823	
271.6312	
270.6209	
269.4671	
268.9097	
267.3660	
267.7726	
266.2562	
265.6878	
265.2037	
264.8948	
264.9825	
264.2765	
264.0907	
263.9523	
262.6611	
262.6298	
261.2659	
261.4322	
261.2545	
261.1357	
260.0718	
259.3793	
259.0472	
258.5455	
258.8572	
258.3037	
258.2357	
256.9570	
256.4170	
256.8250	
255.8815	
256.4203	
256.1526	
255.8945	
255.4112	
254.4087	
254.0841	
253.8069	
252.7092	
252.6480	
251.1940	
250.6625	
249.6891	
249.8588	
249.3150	
248.6379	
249.0402	
249.9628	
249.3576	
249.2976	
248.6186	
247.3871	
246.6312	
246.0907	
246.0857	
245.9566	
244.5158	
244.0134	
243.0880	
242.8219	
242.1326	
242.5135	
240.7776	
240.3536	
239.7922	
238.8856	
238.7491	
237.0975	
237.1987	
236.4054	
236.7045	
235.4792	
234.4941	
233.8134	
233.4832	
232.9065	
231.9446	
231.1658	
232.3470	
231.9566	
231.3330	
230.6646	
231.4339	
230.1367	
229.5272	
229.1650	
227.2748	
227.6976	
226.6394	
225.0081	
223.3918	
221.8100	
221.1470	
220.6143	
221.4357	
220.9022	
220.8990	
219.9579	
220.4113	
219.4911	
219.8656	
219.4456	
219.3148	
218.2636	
217.6882	
217.9998	
216.9132	
216.0468	
215.0226	
214.4397	
213.3564	
212.1166	
211.8213	
211.6412	
210.3744	
209.9526	
208.3088	
207.0954	
206.2607	
206.1654	
205.6222	
204.3911	
204.1498	
203.6751	
203.7561	
203.0615	
201.1198	
200.2277	
199.9244	
197.9205	
197.2779	
196.6797	
195.6174	
193.8064	
192.8635	
192.5210	
192.2034	
191.6631	
191.9884	
189.2984	
187.7404	
187.4586	
185.9571	
186.2816	
186.6421	
189.7330	
192.8759	
198.5614	
204.2451	
209.7099	
214.0208	
216.9631	
219.8736	
221.4128	
222.3897	
223.9401	
224.7257	
225.2729	
226.7221	
226.7610	
227.0287	
227.5916	
229.2030	
228.7188	
229.1588	
228.0356	
228.6676	
228.4430	
227.9746	
228.1833	
228.1769	
226.3890	
227.3329	
225.9700	
226.3541	
227.4512	
226.2842	
226.1541	
225.4855	
225.4568	
224.5386	
223.7144	
223.7037	
222.0330	
222.4388	
221.1485	
221.2826	
220.9905	
221.1202	
220.6896	
220.7153	
219.7533	
220.2728	
220.3629	
219.4819	
219.4345	
219.0102	
218.7882	
219.0599	
218.7763	
216.8857	
217.4758	
215.9958	
216.1774	
215.8848	
214.8875	
214.5891	
214.2064	
213.4391	
212.4425	
213.7449	
213.0658	
213.5719	
213.3563	
213.2220	
212.7719	
213.0329	
213.0182	
212.5849	
212.1205	
211.3145	
210.4374	
210.2609	
209.6971	
208.7106	
209.2007	
209.1444	
212.6266	
211.7431	
210.1494	
209.8155	
208.2835	
208.5493	
207.5356	
206.6027	
205.6072	
205.7424	
204.6718	
203.5279	
203.2227	
203.2435	
202.9807	
202.6331	
203.2336	
203.1009	
203.6191	
203.7804	
203.7955	
204.5888	
203.5775	
204.2955	
203.0544	
203.4481	
202.6158	
203.3301	
202.3730	
203.2515	
202.4816	
201.2686	
202.0967	
201.5528	
200.7212	
200.2323	
200.8352	
199.2654	
199.5613	
199.1361	
199.0502	
199.6298	
198.5796	
198.2471	
197.0319	
196.7901	
197.0668	
197.4032	
197.7108	
197.9944	
199.0191	
199.9081	
200.0910	
200.4469	
201.7014	
203.3484	
204.7182	
205.9414	
208.0485	
209.0959	
209.6606	
210.6258	
211.3473	
212.2663	
212.6535	
213.7367	
214.6453	
215.4834	
214.9929	
215.6480	
215.0634	
215.5537	
215.5133	
215.7826	
215.5257	
215.6603	
214.7105	
214.8294	
214.1350	
214.7870	
214.0528	
214.6101	
214.3334	
213.1745	
213.4762	
212.7344	
211.6085	
211.0085	
210.2121	
209.1982	
208.7159	
207.9701	
207.4101	
205.7308	
205.1281	
204.4914	
204.4081	
204.4945	
204.1826	
203.4684	
204.3993	
204.0853	
204.1969	
205.6103	
205.1053	
204.2931	
203.1750	
201.7724	
200.6601	
199.0798	
197.6205	
196.3174	
195.4587	
194.4815	
193.5157	
192.8984	
191.3302	
190.1858	
188.3703	
186.8112	
185.7297	
183.6838	
182.3594	
179.9382	
179.0818	
177.4344	
176.4953	
175.2911	
173.9303	
172.0687	
170.7148	
169.3373	
167.0566	
165.1462	
163.1957	
160.7908	
157.9598	
155.0486	
151.9812	
149.4999	
147.4727	
145.2969	
142.6898	
139.3186	
134.7667	
131.8618	
127.4372	
123.6354	
119.1851	
114.8114	
110.8340	
107.1058	
103.8081	
100.8123	
96.9071	
94.7995	
91.2520	
87.7749	
84.5342	
80.7968	
77.9621	
73.6974	
70.1471	
66.3899	
62.4054	
58.7686	
54.6804	
50.5591	
46.8082	
43.0191	
38.2386	
32.2629	
25.0213	
17.9534	
11.9368	
7.2869	
4.9655	
4.3510	
4.2580	
4.1560	
4.0754	
3.9811	
3.9094	
3.8875	
3.8039	
3.7215	
3.6944	
3.6171	
3.5112	
3.4514	
3.4685	
3.3424	
3.2622	
3.1639	
3.1964	
3.1269	
3.0775	
3.0380	
2.9612	
2.8977	
2.9598	
2.8350	
2.8289	
2.8277	
2.7122	
2.6733	
2.6319	
2.6697	
2.6278	
2.5922	
2.4909	
2.5061	
2.4452	
2.4984	
2.4274	
2.4004	
2.3711	
2.4256	
2.3583	
2.3080	
2.3471	
2.2974	
2.2312	
2.2577	
2.2772	
2.2091	
2.2373	
2.1515	
2.1238	
2.1840	
2.1279	
2.1278	
2.0723	
2.0701	
2.0513	
2.0508	
2.0857	
2.0195	
2.0319	
2.0117	
1.9445	
1.9878	
2.0170	
1.9467	
1.8989	
1.9435	
1.9071	
1.9189	
1.9024	
1.9081	
1.9211	
1.9220	
1.8768	
1.8616	
1.8712	
1.8659	
1.8615	
1.8768	
1.8637	
1.8677	
1.8500	
1.8314	
1.8498	
1.8193	
1.8492	
1.7586	
1.7848	
1.8327	
1.8050	
1.7735	
1.7542	
1.7977	
1.7119	
1.7665	
1.6852	
1.7755	
1.7420	
1.7197	
1.7590	
1.6883	
1.7451	
1.6742	
1.7491	
1.7178	
1.7192	
1.7259	
1.6942	
1.7322	
1.6811	
1.6518	
1.6718	
1.6788	
1.6671	
1.6775	
1.6795	
1.7046	
1.6761	
1.6275	
1.6484	
1.6468	
1.6913	
1.6433	
1.6629	
1.6901	
1.6493	
1.6018	
1.7518	
