2.4152	
2.4616	
2.4935	
2.4576	
2.4506	
2.4508	
2.5352	
2.5105	
2.4296	
2.5208	
2.4694	
2.4900	
2.5102	
2.5029	
2.4794	
2.4933	
2.4696	
2.4908	
2.4979	
2.5323	
2.4478	
2.4852	
2.4770	
2.4969	
2.4877	
2.4475	
2.4984	
2.4898	
2.4860	
2.4785	
2.4961	
2.5043	
2.4603	
2.4669	
2.4509	
2.4642	
2.4747	
2.4290	
2.4690	
2.4582	
2.5108	
2.4266	
2.5533	
2.5247	
2.5010	
2.5230	
2.4828	
2.4687	
2.4371	
2.4548	
2.4484	
2.5031	
2.4572	
2.5006	
2.4849	
2.4631	
2.4976	
2.4845	
2.4869	
2.4922	
2.4915	
2.5058	
2.4192	
2.4880	
2.4707	
2.4408	
2.4795	
2.4816	
2.4944	
2.4951	
2.5473	
2.4591	
2.4614	
2.4495	
2.4328	
2.4367	
2.5004	
2.5177	
2.4708	
2.4454	
2.5138	
2.5516	
2.4669	
2.4701	
2.4591	
2.4641	
2.4605	
2.4414	
2.4726	
2.5219	
2.5173	
2.5254	
2.4817	
2.5215	
2.5229	
2.5431	
2.5294	
2.5150	
2.5209	
2.5760	
2.5189	
2.5270	
2.5911	
2.5739	
2.5937	
2.5145	
2.6110	
2.6104	
2.5899	
2.6078	
2.6621	
2.6410	
2.7281	
2.7059	
2.7471	
2.7772	
2.7525	
2.8298	
2.8205	
2.9075	
3.0308	
3.0075	
3.0742	
3.1536	
3.2186	
3.2269	
3.4249	
3.4697	
3.5180	
3.7838	
3.8440	
4.0544	
4.2043	
4.3732	
4.6493	
4.9724	
5.3642	
5.7064	
6.4060	
7.0443	
7.8105	
9.2404	
14.3147	
32.4078	
56.4687	
81.2770	
105.7583	
130.1741	
154.5189	
178.7975	
203.0680	
227.0629	
250.8188	
274.6776	
298.9517	
321.3273	
343.9953	
365.1836	
386.4125	
401.5486	
408.8557	
410.5296	
408.8772	
408.8446	
408.1794	
408.1061	
408.3758	
408.5453	
408.2672	
406.7019	
407.9471	
407.4974	
407.9681	
407.9420	
407.7571	
407.3457	
407.7913	
407.6181	
408.4157	
408.0977	
406.7598	
407.2708	
406.5439	
407.1082	
406.3669	
406.2783	
406.4022	
406.5988	
407.1273	
408.1682	
407.8763	
407.6129	
407.4137	
407.7779	
407.3189	
407.3083	
407.7456	
407.1448	
406.8775	
406.7328	
406.0236	
405.8142	
405.8513	
405.7802	
406.2161	
405.6234	
405.3957	
405.6837	
405.2449	
405.5754	
407.0788	
408.2150	
409.7540	
410.9132	
413.5273	
414.9506	
417.1022	
416.5345	
417.2408	
418.2642	
417.5232	
417.9297	
417.1552	
417.0592	
417.1555	
418.4539	
418.7430	
418.4399	
419.4814	
419.8692	
419.8646	
419.9142	
421.5034	
420.8126	
421.0686	
421.2329	
421.5447	
421.7961	
421.9671	
421.6721	
420.7236	
421.5689	
422.6362	
422.2417	
422.6248	
421.9840	
423.1801	
424.0785	
424.1301	
425.9114	
427.1602	
427.9481	
428.8909	
430.1823	
431.3978	
432.1817	
432.8030	
433.0978	
433.4152	
433.0239	
433.3481	
434.2732	
433.5784	
434.3592	
434.8342	
435.4127	
435.5662	
435.7882	
435.9923	
435.6429	
436.2652	
435.6701	
435.7695	
437.6858	
438.1853	
437.4116	
438.8025	
439.0961	
438.5933	
439.7682	
439.2769	
441.2341	
441.7263	
440.9809	
440.9600	
440.8796	
441.2281	
441.7668	
441.8813	
442.9991	
444.0275	
443.8974	
445.3146	
445.7945	
446.0310	
446.0788	
447.1686	
447.1041	
447.6929	
447.7198	
448.1808	
448.7557	
449.0062	
449.0406	
449.6046	
450.1315	
451.5306	
451.3787	
453.0052	
454.7971	
457.1425	
460.8853	
462.3699	
463.4034	
463.1193	
465.2133	
466.1081	
466.6320	
466.5809	
467.4089	
469.2316	
468.7194	
469.3967	
470.9932	
470.8757	
470.7799	
472.3005	
474.1711	
476.1548	
478.7507	
480.9117	
482.2859	
482.3061	
483.7125	
482.2094	
482.9088	
483.0316	
483.9774	
483.5597	
485.0126	
485.5216	
546.0975	
533.0889	
506.8628	
506.8893	
507.2572	
507.1268	
508.3282	
507.5342	
507.4651	
508.3734	
508.8454	
509.9246	
513.7004	
517.4078	
519.3517	
519.7314	
519.7444	
521.0662	
522.8223	
523.5270	
523.8006	
524.1856	
523.7168	
525.1469	
526.2028	
527.7400	
529.1064	
529.3798	
531.2025	
532.0741	
533.2672	
533.1641	
534.0600	
533.5704	
533.6916	
534.7375	
534.8146	
535.8475	
535.2314	
535.6014	
536.3346	
537.4175	
537.8947	
538.8813	
538.5303	
538.9968	
538.9610	
540.0170	
540.4427	
539.4746	
539.5029	
538.9531	
538.8412	
540.9456	
541.4318	
541.2886	
542.2311	
541.5144	
541.7363	
542.8892	
543.9159	
545.9830	
547.9625	
547.9586	
549.4578	
548.8548	
550.6277	
550.7568	
551.3372	
550.5922	
551.5063	
551.8097	
552.6143	
552.2977	
550.6926	
550.1078	
550.8280	
550.6317	
552.0085	
553.3862	
553.3442	
555.1113	
554.7552	
555.3867	
554.1834	
556.0944	
555.4508	
555.5967	
556.6452	
556.3730	
554.7965	
554.1520	
554.1318	
555.1612	
555.7562	
554.9862	
553.7681	
553.4033	
554.8464	
554.7733	
557.0935	
556.4899	
555.8792	
556.3806	
557.0142	
555.9096	
554.1741	
553.4656	
554.1905	
556.0467	
555.0352	
555.3596	
553.1490	
554.1017	
554.4271	
554.8821	
556.1063	
556.1990	
556.7761	
556.6027	
556.9614	
558.6395	
557.4921	
557.7004	
556.6940	
556.6465	
556.0014	
556.1989	
557.1808	
556.9380	
558.0373	
558.2635	
558.9633	
559.0938	
558.4539	
559.4008	
558.7029	
558.0061	
559.4850	
559.5665	
557.9005	
557.3784	
556.2656	
556.6210	
558.8459	
557.2166	
556.8671	
557.1739	
556.1569	
554.2142	
554.2289	
554.3480	
553.2348	
553.3882	
553.3094	
553.5750	
553.2719	
550.9246	
550.7884	
548.0457	
549.3380	
548.8837	
549.2670	
548.6161	
548.0991	
548.6068	
548.6687	
550.1905	
551.0583	
554.3394	
557.0397	
564.1911	
569.2768	
573.8677	
575.5071	
575.9479	
577.1258	
579.1407	
580.7038	
581.5960	
583.1429	
583.0253	
583.1570	
581.9323	
582.6205	
581.4942	
579.3934	
580.1552	
579.8318	
580.6130	
580.7894	
579.8958	
582.2628	
580.9323	
579.5317	
578.9614	
577.9243	
578.4288	
577.0117	
576.4706	
575.8337	
575.0133	
573.0149	
571.9739	
568.5281	
568.7581	
567.6823	
567.5624	
567.8581	
566.6362	
566.4696	
566.7171	
567.9699	
566.7293	
565.2958	
565.2180	
564.0755	
563.5753	
561.2022	
560.9894	
560.1866	
559.6230	
558.4507	
558.7840	
558.5152	
557.4965	
556.2553	
554.5465	
553.8588	
553.4720	
553.8083	
553.5491	
552.9138	
552.3247	
550.9309	
548.3233	
548.4225	
548.7756	
548.3499	
545.9731	
545.5140	
545.5361	
545.1868	
545.0872	
544.6746	
543.4548	
544.1851	
544.0949	
543.1205	
541.9058	
542.5389	
540.7061	
539.3950	
541.0555	
538.1178	
537.6617	
536.6403	
535.9916	
533.7171	
533.0430	
531.8489	
530.6251	
529.9551	
528.8672	
528.0189	
527.3087	
525.4507	
526.2625	
525.1890	
524.7131	
524.7847	
524.1707	
522.4341	
523.1505	
521.8437	
521.5259	
521.3209	
520.3195	
518.6371	
518.7366	
518.5925	
517.2557	
517.0801	
516.2297	
514.7758	
514.9112	
513.0538	
511.3346	
511.1118	
510.5419	
510.5942	
509.1965	
508.2135	
508.8075	
506.5722	
506.3362	
505.4330	
503.7645	
501.4604	
500.8690	
500.6215	
498.3560	
497.7954	
498.0486	
498.7194	
497.3008	
497.1857	
497.4834	
497.0150	
495.9586	
495.4611	
493.2324	
491.8297	
489.9253	
487.9815	
486.4970	
485.8566	
485.5976	
483.8676	
485.5497	
483.2769	
482.9885	
482.5750	
479.6309	
479.6528	
478.6282	
476.4198	
475.6539	
473.2410	
472.4380	
473.4722	
472.9804	
476.6287	
481.7096	
483.7564	
485.0479	
485.6934	
486.6751	
486.0491	
486.1774	
485.3157	
485.2093	
486.1240	
485.0695	
484.3330	
485.0583	
485.2123	
484.6298	
484.0824	
484.1880	
484.0695	
482.6653	
482.2772	
480.9100	
480.8371	
480.4323	
481.0666	
480.3803	
479.9284	
478.6603	
477.7032	
476.2315	
475.6061	
474.8325	
475.3864	
474.9276	
473.5768	
472.7629	
471.6360	
471.5817	
470.8876	
469.9664	
469.4161	
468.5634	
468.2028	
467.8670	
466.8197	
465.8263	
465.4290	
465.3415	
465.0142	
464.6599	
463.6610	
463.6117	
462.2051	
459.9847	
461.2075	
459.7328	
458.0414	
457.3360	
457.9706	
455.9210	
454.9034	
454.7775	
452.2686	
453.3133	
452.4439	
450.6907	
451.4294	
449.2240	
494.5487	
467.6899	
437.4273	
434.6818	
432.9622	
430.2414	
428.7193	
428.1588	
426.0801	
425.1465	
424.7069	
424.7658	
420.7733	
421.3704	
419.3587	
416.7664	
416.2597	
414.3033	
413.6409	
412.4551	
412.4382	
412.5389	
411.7495	
411.8626	
410.7935	
411.7585	
410.5217	
409.9757	
409.7236	
409.8908	
409.6124	
408.1699	
408.3228	
408.3795	
407.1525	
406.9373	
406.6165	
405.9205	
404.4814	
404.2135	
401.9249	
400.6899	
399.0768	
397.1448	
396.2544	
395.2834	
394.3611	
394.3033	
393.6498	
392.6983	
392.6835	
391.3637	
391.7262	
391.2990	
390.3461	
390.2691	
391.0085	
391.2751	
390.3320	
389.2537	
389.0012	
389.0411	
388.9619	
388.4211	
387.7937	
387.0945	
387.0502	
384.9403	
384.1309	
382.8384	
381.7361	
381.1564	
381.1927	
380.9581	
380.3198	
380.9008	
380.0138	
379.2704	
379.9977	
379.4343	
378.1312	
376.8466	
377.3570	
375.7440	
375.0030	
374.7303	
373.5959	
373.5205	
372.9333	
372.1899	
371.9259	
371.3728	
370.9971	
369.9570	
368.1660	
368.3647	
368.4499	
366.2477	
366.1166	
365.5595	
365.3151	
365.3230	
364.7456	
364.9516	
363.7312	
363.9716	
362.4294	
361.0803	
361.9906	
360.0579	
359.7553	
360.0723	
358.8916	
358.5717	
357.7655	
357.5083	
356.5019	
356.0396	
355.2014	
355.6010	
354.4946	
354.8288	
353.5790	
352.5485	
351.2686	
350.6259	
350.2268	
348.6566	
347.5089	
348.5720	
348.1107	
346.9932	
346.4892	
347.1721	
346.8161	
346.5938	
345.0017	
344.7334	
344.0077	
343.8820	
342.3406	
342.0174	
341.0799	
340.0723	
340.6998	
340.3549	
339.9732	
339.0252	
339.0766	
337.3495	
337.6685	
337.0690	
336.8055	
337.0480	
336.0773	
335.9666	
335.9590	
335.1278	
334.3724	
333.1839	
333.3493	
331.2605	
331.8428	
330.2953	
329.7128	
329.3848	
329.1916	
328.1238	
328.4998	
328.2148	
327.1349	
326.1186	
325.9911	
325.0321	
323.9478	
322.7345	
322.2868	
321.6771	
320.6017	
320.1622	
319.4416	
318.9583	
318.3763	
317.4251	
317.7893	
317.5258	
316.2328	
315.9119	
315.3557	
314.5483	
314.8107	
314.1173	
313.5368	
312.1070	
311.8418	
311.1000	
310.2646	
308.0197	
308.4444	
306.8885	
307.2193	
306.4282	
305.8329	
306.3572	
306.2629	
305.5685	
304.8738	
304.2710	
303.2808	
301.7886	
301.7454	
301.5241	
299.5048	
299.8788	
299.8599	
299.1878	
297.7332	
297.7910	
297.0534	
297.4096	
296.3574	
295.8277	
295.9217	
295.5105	
294.9224	
294.8593	
295.0133	
293.4966	
294.1127	
293.7852	
292.6313	
292.5263	
291.4375	
290.8798	
290.3720	
289.7197	
289.3304	
289.3016	
288.7307	
287.8482	
286.0586	
286.1952	
284.4161	
283.7826	
282.6427	
281.3398	
279.9864	
279.0146	
278.0333	
277.6923	
278.2866	
279.2193	
278.4745	
279.3349	
278.3502	
278.2429	
277.9620	
278.3203	
277.9384	
276.7000	
276.2136	
275.6866	
273.9413	
273.8047	
272.4459	
271.7610	
270.9538	
270.0451	
268.5868	
267.9636	
267.8980	
266.6391	
266.2859	
266.5432	
266.2428	
265.7922	
264.3835	
264.2410	
263.2112	
262.4225	
261.9198	
260.1833	
259.0418	
257.8079	
258.1868	
257.2775	
257.1458	
256.6917	
255.6149	
254.8496	
253.9972	
252.9010	
253.3212	
252.4473	
252.3748	
251.9783	
250.1949	
249.7780	
249.1401	
248.3172	
248.4512	
247.8816	
248.2142	
248.4372	
247.5570	
246.9222	
246.0282	
245.1231	
245.3276	
245.2809	
244.1518	
244.4499	
244.9357	
243.9771	
243.5434	
242.6292	
242.3902	
240.3743	
238.9862	
237.2901	
235.9989	
235.2192	
235.4104	
234.2251	
233.7380	
233.2900	
232.3173	
230.9079	
231.0892	
230.1118	
227.6719	
225.5253	
223.7580	
221.8576	
220.3341	
220.0398	
218.9699	
218.8622	
217.7038	
216.9786	
217.5493	
216.3505	
217.1275	
216.7964	
215.8883	
214.7772	
214.2680	
213.7264	
213.3619	
212.9789	
213.7408	
214.1758	
217.4965	
222.1662	
227.8685	
233.7999	
238.8347	
243.0318	
245.9092	
249.3497	
251.2317	
252.9267	
254.8279	
255.5374	
256.4210	
256.8014	
257.6081	
258.4220	
257.6150	
257.7609	
258.2931	
258.3168	
258.3017	
257.6297	
257.7069	
257.7365	
257.1798	
256.7857	
256.3008	
255.0591	
255.6778	
254.8079	
254.8873	
254.6377	
253.8473	
253.4359	
252.6362	
252.9801	
252.6522	
251.3745	
252.1286	
250.2504	
250.0579	
250.8261	
250.1873	
250.9928	
250.8626	
250.5640	
249.7510	
249.8166	
249.7004	
249.5164	
248.6794	
248.0677	
247.9938	
247.5043	
246.5563	
246.5202	
246.0612	
245.9952	
245.4799	
245.6624	
244.6180	
243.4612	
243.9687	
243.4054	
243.1116	
242.4176	
242.4834	
241.6515	
241.9249	
241.5149	
241.3210	
242.1033	
241.4575	
239.9295	
239.9162	
239.0840	
238.5251	
238.3360	
237.3673	
237.4309	
236.5282	
236.7895	
241.8739	
239.6336	
238.3939	
236.9658	
236.6087	
236.2186	
235.2704	
235.3500	
235.1508	
234.5861	
233.4498	
233.5869	
233.2624	
232.6151	
233.1307	
233.2998	
233.0004	
232.4858	
233.1070	
232.4319	
232.5907	
231.8854	
231.7318	
231.5700	
231.5138	
231.0157	
230.8461	
230.6609	
229.9619	
229.1324	
228.2146	
228.3985	
227.3972	
226.8119	
225.8334	
225.7095	
225.1467	
224.7947	
225.6369	
225.1964	
225.2333	
224.9788	
224.9388	
224.5251	
223.7861	
223.7773	
223.3008	
223.2812	
223.0233	
223.3371	
223.9001	
225.0759	
226.2707	
228.8212	
230.4541	
231.6490	
233.4839	
235.2626	
237.1332	
238.9809	
241.0143	
242.8173	
245.5881	
246.9840	
248.0007	
249.5933	
250.5125	
250.3714	
251.4959	
252.3973	
252.3886	
251.9033	
252.8129	
252.8542	
252.8013	
252.7167	
251.7175	
251.8924	
250.6103	
250.1125	
250.2120	
249.6921	
249.2622	
248.1480	
248.2809	
247.4935	
246.8109	
245.7567	
245.1449	
243.6179	
242.9945	
242.6983	
241.2943	
241.0897	
240.4304	
239.6017	
239.6622	
239.3393	
238.0341	
237.5574	
237.9127	
236.9610	
238.3007	
238.0546	
239.8828	
239.4110	
239.2118	
237.8476	
237.3923	
235.7059	
233.8841	
233.6953	
230.8441	
230.7332	
230.3609	
229.4507	
228.2572	
227.3873	
225.6285	
225.2310	
223.3105	
221.7684	
220.8828	
219.7630	
219.0732	
217.7638	
216.7115	
215.8159	
215.0629	
214.0307	
213.5329	
213.2724	
213.4498	
212.4826	
211.9819	
211.5624	
210.7957	
209.4200	
208.7978	
208.6125	
206.6769	
204.8733	
204.8367	
202.9614	
202.2777	
199.9352	
199.0435	
197.2979	
194.2764	
193.0623	
190.4524	
187.9256	
185.1690	
182.0190	
178.1757	
174.2823	
170.2668	
165.8541	
161.2157	
155.6314	
152.0638	
146.9189	
141.3511	
135.9633	
127.1625	
116.8044	
104.7661	
92.8666	
81.5307	
70.5026	
59.2448	
49.0358	
39.2786	
29.9995	
22.0387	
15.2348	
10.2485	
7.3721	
6.0104	
5.7204	
5.5640	
5.5234	
5.4349	
5.3250	
5.1827	
5.2316	
5.0588	
5.0789	
4.9299	
4.8437	
4.7296	
4.7590	
4.6479	
4.5442	
4.4674	
4.5052	
4.3018	
4.2501	
4.1729	
4.2280	
4.0837	
4.0832	
3.9764	
3.8624	
3.8448	
3.7368	
3.6981	
3.7336	
3.6321	
3.6491	
3.5778	
3.5471	
3.4998	
3.4638	
3.4154	
3.4113	
3.4426	
3.3402	
3.3018	
3.3139	
3.3321	
3.2421	
3.2604	
3.1983	
3.1791	
3.1320	
3.0889	
3.0649	
3.0961	
3.0626	
3.0601	
3.0291	
2.9119	
2.9109	
2.9626	
2.9212	
2.8723	
2.8997	
2.9180	
2.9237	
2.8348	
2.8343	
2.8192	
2.7788	
2.7988	
2.8023	
2.7793	
2.7146	
2.7264	
2.7924	
2.7683	
2.7264	
2.7432	
2.7277	
2.7321	
2.6784	
2.6917	
2.6809	
2.7064	
2.7079	
2.6567	
2.5583	
2.6562	
2.6439	
2.6395	
2.6107	
2.6271	
2.5771	
2.5938	
2.5838	
2.5572	
2.5798	
2.5320	
2.5513	
2.5000	
2.5316	
2.5030	
2.4856	
2.5046	
2.4889	
2.4723	
2.4409	
2.4898	
2.4427	
2.4754	
2.4381	
2.4550	
2.4495	
2.4149	
2.3899	
2.4004	
2.4202	
2.4193	
2.4259	
2.4169	
2.4525	
2.3885	
2.4370	
2.3891	
2.3977	
2.3849	
2.3614	
2.3766	
2.3289	
2.3397	
2.3408	
2.4008	
