9.6e-007	2174273
1.2e-006	2014174
1.44e-006	1842652
1.68e-006	1709919
1.92e-006	1560913
2.16e-006	1451705
2.4e-006	1348838
2.64e-006	1408082
2.88e-006	1376242
3.12e-006	1260066
3.36e-006	1151274
3.6e-006	1154392
3.84e-006	1168410
4.08e-006	1139743
4.32e-006	1184174
4.56e-006	1185443
4.8e-006	1145664
5.04e-006	1098468
5.28e-006	1057776
5.52e-006	1011910
5.76e-006	980461
6e-006	994260
6.24e-006	1017862
6.48e-006	1032810
6.72e-006	1042042
6.96e-006	1027799
7.2e-006	1004654
7.44e-006	984974
7.68e-006	969268
7.92e-006	956780
8.16e-006	942812
8.4e-006	929480
8.64e-006	921214
8.88e-006	916938
9.12e-006	916289
9.36e-006	917467
9.6e-006	923836
9.84e-006	920764
1.008e-005	919136
1.032e-005	924884
1.056e-005	936676
1.08e-005	956306
1.104e-005	983469
1.128e-005	1001488
1.152e-005	1011002
1.176e-005	1020197
1.2e-005	1021015
1.224e-005	1025679
1.248e-005	1032045
1.272e-005	1032336
1.296e-005	1029607
1.32e-005	1026926
1.344e-005	1027921
1.368e-005	1031179
1.392e-005	1032160
1.416e-005	1033725
1.44e-005	1032914
1.464e-005	1028110
1.488e-005	1022160
1.512e-005	1020933
1.536e-005	1024951
1.56e-005	1025796
1.584e-005	1028196
1.608e-005	1024951
1.632e-005	1026856
1.656e-005	1024930
1.68e-005	1023964
1.704e-005	1023296
1.728e-005	1027647
1.752e-005	1029098
1.776e-005	1030146
1.8e-005	1033960
1.824e-005	1037216
1.848e-005	1039848
1.872e-005	1040704
1.896e-005	1045419
1.92e-005	1046984
1.944e-005	1049837
1.968e-005	1049355
1.992e-005	1051225
2.016e-005	1051672
2.04e-005	1052517
2.064e-005	1054683
2.088e-005	1057669
2.112e-005	1053072
2.136e-005	1053628
2.16e-005	1051840
2.184e-005	1055724
2.208e-005	1052832
2.232e-005	1046095
2.256e-005	1040485
2.28e-005	1039976
2.304e-005	1039956
2.328e-005	1037727
2.352e-005	1028270
2.376e-005	1025226
2.4e-005	1020001
2.424e-005	1021266
2.448e-005	1017200
2.472e-005	1015396
2.496e-005	1016979
2.52e-005	1014074
2.544e-005	1010089
2.568e-005	1008808
2.592e-005	1005929
2.616e-005	1005589
2.64e-005	998578
2.664e-005	997290
2.688e-005	992745
2.712e-005	985091
2.736e-005	982753
2.76e-005	980885
2.784e-005	980642
2.808e-005	973036
2.832e-005	966216
2.856e-005	964551
2.88e-005	960978
2.904e-005	957903
2.928e-005	954109
2.952e-005	946294
2.976e-005	941441
3e-005	939271
3.024e-005	933006
3.048e-005	929743
3.072e-005	923153
3.096e-005	920180
3.12e-005	914108
3.144e-005	913220
3.168e-005	912339
3.192e-005	906075
3.216e-005	902700
3.24e-005	898442
3.264e-005	894239
3.288e-005	889628
3.312e-005	884976
3.336e-005	878553
3.36e-005	877510
3.384e-005	873444
3.408e-005	867284
3.432e-005	863103
3.456e-005	856121
3.48e-005	855350
3.504e-005	847235
3.528e-005	837874
3.552e-005	832147
3.576e-005	830354
3.6e-005	831311
3.624e-005	829599
3.648e-005	827594
3.672e-005	822628
3.696e-005	815470
3.72e-005	809014
3.744e-005	812369
3.768e-005	806298
3.792e-005	804925
3.816e-005	799645
3.84e-005	791295
3.864e-005	788348
3.888e-005	786972
3.912e-005	786188
3.936e-005	782878
3.96e-005	777657
3.984e-005	778464
4.008e-005	773545
4.032e-005	768818
4.056e-005	768387
4.08e-005	762353
4.104e-005	758425
4.128e-005	755366
4.152e-005	749619
4.176e-005	749755
4.2e-005	747571
4.224e-005	742724
4.248e-005	737422
4.272e-005	734410
4.296e-005	727813
4.32e-005	720694
4.344e-005	718289
4.368e-005	717687
4.392e-005	716714
4.416e-005	713256
4.44e-005	711558
4.464e-005	708943
4.488e-005	706325
4.512e-005	702403
4.536e-005	692901
4.56e-005	693689
4.584e-005	690706
4.608e-005	686256
4.632e-005	684279
4.656e-005	686151
4.68e-005	679992
4.704e-005	678292
4.728e-005	675355
4.752e-005	674500
4.776e-005	670995
4.8e-005	668210
4.824e-005	665434
4.848e-005	660046
4.872e-005	660397
4.896e-005	662235
4.92e-005	661557
4.944e-005	655734
4.968e-005	652099
4.992e-005	647083
5.016e-005	642689
5.04e-005	640682
5.064e-005	639053
5.088e-005	637439
5.112e-005	635973
5.136e-005	631250
5.16e-005	629188
5.184e-005	624802
5.208e-005	622668
5.232e-005	620120
5.256e-005	618813
5.28e-005	616152
5.304e-005	613740
5.328e-005	610237
5.352e-005	609022
5.376e-005	608665
5.4e-005	604390
5.424e-005	602077
5.448e-005	601574
5.472e-005	597896
5.496e-005	594516
5.52e-005	593078
5.544e-005	592902
5.568e-005	588955
5.592e-005	585938
5.616e-005	584166
5.64e-005	581736
5.664e-005	579631
5.688e-005	576908
5.712e-005	577598
5.736e-005	574406
5.76e-005	575412
5.784e-005	569409
5.808e-005	566504
5.832e-005	564443
5.856e-005	563143
5.88e-005	561672
5.904e-005	560092
5.928e-005	555386
5.952e-005	547461
5.976e-005	540747
6e-005	543635
6.024e-005	544610
6.048e-005	541720
6.072e-005	535942
6.096e-005	532241
6.12e-005	537888
6.144e-005	534228
6.168e-005	532579
6.192e-005	530173
6.216e-005	528027
6.24e-005	523414
6.264e-005	520980
6.288e-005	516241
6.312e-005	512667
6.336e-005	507264
6.36e-005	501611
6.384e-005	496451
6.408e-005	492980
6.432e-005	488865
6.456e-005	484149
6.48e-005	483512
6.504e-005	483242
6.528e-005	485246
6.552e-005	491182
6.576e-005	490525
6.6e-005	493388
6.624e-005	496673
6.648e-005	496054
6.672e-005	493072
6.696e-005	494458
6.72e-005	495284
6.744e-005	497225
6.768e-005	496129
6.792e-005	495259
6.816e-005	496005
6.84e-005	495322
6.864e-005	496417
6.888e-005	493151
6.912e-005	494164
6.936e-005	491654
6.96e-005	487307
6.984e-005	487870
7.008e-005	489165
7.032e-005	488673
7.056e-005	485368
7.08e-005	483198
7.104e-005	483604
7.128e-005	480102
7.152e-005	477520
7.176e-005	477588
7.2e-005	476336
7.224e-005	477110
7.248e-005	477910
7.272e-005	475726
7.296e-005	472728
7.32e-005	472494
7.344e-005	473898
7.368e-005	471169
7.392e-005	470267
7.416e-005	471473
7.44e-005	467947
7.464e-005	469507
7.488e-005	466938
7.512e-005	464290
7.536e-005	463768
7.56e-005	464746
7.584e-005	463796
7.608e-005	462629
7.632e-005	460568
7.656e-005	462301
7.68e-005	461428
7.704e-005	459917
7.728e-005	456514
7.752e-005	453100
7.776e-005	448804
7.8e-005	450994
7.824e-005	451813
7.848e-005	450934
7.872e-005	446973
7.896e-005	444308
7.92e-005	446317
7.944e-005	445590
7.968e-005	445053
7.992e-005	442808
8.016e-005	441320
8.04e-005	441471
8.064e-005	437547
8.088e-005	435073
8.112e-005	435950
8.136e-005	436606
8.16e-005	436365
8.184e-005	437044
8.208e-005	436505
8.232e-005	434936
8.256e-005	434175
8.28e-005	432648
8.304e-005	431615
8.328e-005	431979
8.352e-005	429802
8.376e-005	427580
8.4e-005	426501
8.424e-005	426871
8.448e-005	425746
8.472e-005	418533
8.496e-005	404349
8.52e-005	401783
8.544e-005	407412
8.568e-005	413743
8.592e-005	416095
8.616e-005	417685
8.64e-005	419433
8.664e-005	417118
8.688e-005	418656
8.712e-005	417223
8.736e-005	416519
8.76e-005	416630
8.784e-005	415798
8.808e-005	415230
8.832e-005	413919
8.856e-005	411732
8.88e-005	412807
8.904e-005	410675
8.928e-005	405264
8.952e-005	399518
8.976e-005	399112
9e-005	400347
9.024e-005	403307
9.048e-005	404363
9.072e-005	405343
9.096e-005	404149
9.12e-005	404452
9.144e-005	404459
9.168e-005	402493
9.192e-005	400446
9.216e-005	401153
9.24e-005	397494
9.264e-005	397267
9.288e-005	397171
9.312e-005	399073
9.336e-005	397708
9.36e-005	394457
9.384e-005	395266
9.408e-005	394928
9.432e-005	393724
9.456e-005	393240
9.48e-005	393108
9.504e-005	391919
9.528e-005	391525
9.552e-005	391039
9.576e-005	389622
9.6e-005	393088
9.624e-005	390687
9.648e-005	387838
9.672e-005	387609
9.696e-005	386585
9.72e-005	386473
9.744e-005	384164
9.768e-005	384835
9.792e-005	386121
9.816e-005	385399
9.84e-005	384216
9.864e-005	383979
9.888e-005	383400
9.912e-005	381223
9.936e-005	381454
9.96e-005	380598
9.984e-005	380097
0.00010008	378494
0.00010032	377702
0.00010056	376434
0.0001008	372971
0.00010104	373527
0.00010128	373576
0.00010152	369088
0.00010176	371150
0.000102	371054
0.00010224	371260
0.00010248	371469
0.00010272	369802
0.00010296	369011
0.0001032	368467
0.00010344	367072
0.00010368	365283
0.00010392	366507
0.00010416	366448
0.0001044	364139
0.00010464	364102
0.00010488	366738
0.00010512	363075
0.00010536	358430
0.0001056	358959
0.00010584	359828
0.00010608	360724
0.00010632	362927
0.00010656	361764
0.0001068	360292
0.00010704	362342
0.00010728	359078
0.00010752	358939
0.00010776	358507
0.000108	350422
0.00010824	341954
0.00010848	338967
0.00010872	336451
0.00010896	339540
0.0001092	344138
0.00010944	346762
0.00010968	348882
0.00010992	348027
0.00011016	348175
0.0001104	345210
0.00011064	339409
0.00011088	341813
0.00011112	345942
0.00011136	347691
0.0001116	346811
0.00011184	346127
0.00011208	347746
0.00011232	347303
0.00011256	346660
0.0001128	346719
0.00011304	346614
0.00011328	346400
0.00011352	343514
0.00011376	344053
0.000114	341167
0.00011424	342382
0.00011448	341682
0.00011472	343287
0.00011496	342142
0.0001152	337000
0.00011544	332083
0.00011568	330524
0.00011592	334187
0.00011616	335085
0.0001164	336677
0.00011664	336594
0.00011688	335190
0.00011712	338552
0.00011736	334923
0.0001176	336078
0.00011784	338089
0.00011808	336382
0.00011832	336642
0.00011856	331596
0.0001188	322339
0.00011904	311775
0.00011928	307637
0.00011952	312726
0.00011976	320727
0.00012	322225
0.00012024	325795
0.00012048	323894
0.00012072	325082
0.00012096	325031
0.0001212	327098
0.00012144	326465
0.00012168	325862
0.00012192	326179
0.00012216	325495
0.0001224	324832
0.00012264	324546
0.00012288	324972
0.00012312	324936
0.00012336	325166
0.0001236	322993
0.00012384	324328
0.00012408	320629
0.00012432	320172
0.00012456	318845
0.0001248	317918
0.00012504	310005
0.00012528	301497
0.00012552	291805
0.00012576	292759
0.000126	296822
0.00012624	302796
0.00012648	307055
0.00012672	310654
0.00012696	311901
0.0001272	311100
0.00012744	314200
0.00012768	312936
0.00012792	311846
0.00012816	311996
0.0001284	311581
0.00012864	307088
0.00012888	303540
0.00012912	302361
0.00012936	305038
0.0001296	307118
0.00012984	307802
0.00013008	303469
0.00013032	301136
0.00013056	301586
0.0001308	302570
0.00013104	305058
0.00013128	305277
0.00013152	306821
0.00013176	306710
0.000132	306883
0.00013224	307604
0.00013248	307409
0.00013272	307784
0.00013296	309222
0.0001332	306119
0.00013344	304976
0.00013368	302906
0.00013392	303926
0.00013416	304374
0.0001344	302630
0.00013464	299650
0.00013488	300277
0.00013512	297263
0.00013536	292979
0.0001356	290500
0.00013584	293176
0.00013608	295046
0.00013632	297601
0.00013656	298179
0.0001368	297493
0.00013704	298351
0.00013728	297300
0.00013752	299238
0.00013776	298158
0.000138	296184
0.00013824	298256
0.00013848	296230
0.00013872	296809
0.00013896	296858
0.0001392	296640
0.00013944	295313
0.00013968	297089
0.00013992	296147
0.00014016	293664
0.0001404	293483
0.00014064	293488
0.00014088	293833
0.00014112	292766
0.00014136	292607
0.0001416	292314
0.00014184	292314
0.00014208	290601
0.00014232	289907
0.00014256	288661
0.0001428	291020
0.00014304	289591
0.00014328	288256
0.00014352	289711
0.00014376	289648
0.000144	289344
0.00014424	288562
0.00014448	287254
0.00014472	286175
0.00014496	284660
0.0001452	280840
0.00014544	276146
0.00014568	276461
0.00014592	279292
0.00014616	280332
0.0001464	282114
0.00014664	282287
0.00014688	284713
0.00014712	282512
0.00014736	282183
0.0001476	282089
0.00014784	282939
0.00014808	281223
0.00014832	280124
0.00014856	281254
0.0001488	279435
0.00014904	278743
0.00014928	276392
0.00014952	273688
0.00014976	273560
0.00015	274667
0.00015024	276357
0.00015048	277638
0.00015072	277873
0.00015096	276234
0.0001512	278731
0.00015144	278732
0.00015168	278470
0.00015192	277721
0.00015216	277004
0.0001524	277381
0.00015264	275847
0.00015288	277643
0.00015312	275804
0.00015336	276096
0.0001536	278160
0.00015384	275814
0.00015408	274370
0.00015432	275726
0.00015456	275986
0.0001548	274156
0.00015504	273216
0.00015528	272019
0.00015552	272937
0.00015576	272850
0.000156	274185
0.00015624	272378
0.00015648	270786
0.00015672	270925
0.00015696	270262
0.0001572	270962
0.00015744	270897
0.00015768	270961
0.00015792	272034
0.00015816	268995
0.0001584	270773
0.00015864	270666
0.00015888	268846
0.00015912	270335
0.00015936	267885
0.0001596	268369
0.00015984	267163
0.00016008	268421
0.00016032	266692
0.00016056	266717
0.0001608	265242
0.00016104	264393
0.00016128	266274
0.00016152	266536
0.00016176	266349
0.000162	265879
0.00016224	265823
0.00016248	267649
0.00016272	265958
0.00016296	265733
0.0001632	263774
0.00016344	264474
0.00016368	263874
0.00016392	263732
0.00016416	263020
0.0001644	262752
0.00016464	264472
0.00016488	263328
0.00016512	263800
0.00016536	261168
0.0001656	263381
0.00016584	262452
0.00016608	261237
0.00016632	259779
0.00016656	261106
0.0001668	259531
0.00016704	258205
0.00016728	258784
0.00016752	257501
0.00016776	257176
0.000168	258294
0.00016824	257436
0.00016848	257322
0.00016872	256850
0.00016896	256614
0.0001692	256765
0.00016944	254629
0.00016968	253959
0.00016992	254071
0.00017016	255336
0.0001704	256662
0.00017064	256682
0.00017088	253982
0.00017112	253363
0.00017136	255446
0.0001716	256026
0.00017184	254187
0.00017208	255459
0.00017232	256671
0.00017256	256439
0.0001728	257014
0.00017304	254211
0.00017328	254569
0.00017352	252416
0.00017376	253062
0.000174	252046
0.00017424	250798
0.00017448	250812
0.00017472	250834
0.00017496	251840
0.0001752	250556
0.00017544	249037
0.00017568	248817
0.00017592	248968
0.00017616	247765
0.0001764	247231
0.00017664	247197
0.00017688	247912
0.00017712	246568
0.00017736	245629
0.0001776	246288
0.00017784	247996
0.00017808	247807
0.00017832	245976
0.00017856	246134
0.0001788	244968
0.00017904	245851
0.00017928	245659
0.00017952	245191
0.00017976	245240
0.00018	243903
0.00018024	242774
0.00018048	244228
0.00018072	243752
0.00018096	245710
0.0001812	244303
0.00018144	244548
0.00018168	243698
0.00018192	244167
0.00018216	243202
0.0001824	242311
0.00018264	241499
0.00018288	240428
0.00018312	241925
0.00018336	240804
0.0001836	241514
0.00018384	239800
0.00018408	241318
0.00018432	240554
0.00018456	242230
0.0001848	241287
0.00018504	241129
0.00018528	240648
0.00018552	239935
0.00018576	242586
0.000186	241675
0.00018624	240543
0.00018648	240002
0.00018672	239210
0.00018696	240890
0.0001872	239543
0.00018744	239995
0.00018768	237883
0.00018792	237959
0.00018816	234380
0.0001884	233849
0.00018864	234683
0.00018888	230258
0.00018912	227085
0.00018936	217785
0.0001896	207715
0.00018984	198234
0.00019008	190908
0.00019032	187478
0.00019056	188907
0.0001908	194766
0.00019104	202609
0.00019128	209128
0.00019152	216563
0.00019176	219343
0.000192	222652
0.00019224	225888
0.00019248	228164
0.00019272	228612
0.00019296	231069
0.0001932	230028
0.00019344	231451
0.00019368	232946
0.00019392	232354
0.00019416	232576
0.0001944	233644
0.00019464	233779
0.00019488	232716
0.00019512	232862
0.00019536	233673
0.0001956	233871
0.00019584	232957
0.00019608	233279
0.00019632	234154
0.00019656	231684
0.0001968	231687
0.00019704	230981
0.00019728	229140
0.00019752	226299
0.00019776	219790
0.000198	209948
0.00019824	201463
0.00019848	193357
0.00019872	192908
0.00019896	195905
0.0001992	201933
0.00019944	206495
0.00019968	210061
0.00019992	208547
0.00020016	200046
0.0002004	191578
0.00020064	188857
0.00020088	188772
0.00020112	192863
0.00020136	198635
0.0002016	206695
0.00020184	210062
0.00020208	213194
0.00020232	218468
0.00020256	220740
0.0002028	221198
0.00020304	221342
0.00020328	221292
0.00020352	222759
0.00020376	224156
0.000204	223266
0.00020424	223742
0.00020448	223324
0.00020472	224883
0.00020496	226862
0.0002052	226281
0.00020544	227147
0.00020568	227196
0.00020592	227510
0.00020616	226313
0.0002064	227655
0.00020664	228256
0.00020688	227027
0.00020712	226063
0.00020736	225457
0.0002076	226171
0.00020784	224485
0.00020808	224880
0.00020832	225800
0.00020856	225244
0.0002088	225431
0.00020904	226474
0.00020928	224860
0.00020952	224596
0.00020976	225689
0.00021	225743
0.00021024	225145
0.00021048	225077
0.00021072	223995
0.00021096	223219
0.0002112	223778
0.00021144	223627
0.00021168	225063
0.00021192	224115
0.00021216	223557
0.0002124	225011
0.00021264	222243
0.00021288	223767
0.00021312	222218
0.00021336	222934
0.0002136	222580
0.00021384	222181
0.00021408	223826
0.00021432	222846
0.00021456	222631
0.0002148	222967
0.00021504	223275
0.00021528	222542
0.00021552	222933
0.00021576	222614
0.000216	222675
0.00021624	222260
0.00021648	220288
0.00021672	221032
0.00021696	221322
0.0002172	217763
0.00021744	219487
0.00021768	219646
0.00021792	220357
0.00021816	217243
0.0002184	219644
0.00021864	221386
0.00021888	220254
0.00021912	218677
0.00021936	219714
0.0002196	218652
0.00021984	218589
0.00022008	217910
0.00022032	219321
0.00022056	217911
0.0002208	218735
0.00022104	217908
0.00022128	218335
0.00022152	218326
0.00022176	216877
0.000222	217325
0.00022224	217564
0.00022248	217216
0.00022272	217839
0.00022296	217948
0.0002232	216935
0.00022344	218181
0.00022368	217509
0.00022392	216224
0.00022416	216253
0.0002244	215831
0.00022464	217492
0.00022488	215076
0.00022512	215624
0.00022536	213453
0.0002256	212157
0.00022584	211165
0.00022608	208672
0.00022632	205289
0.00022656	202755
0.0002268	202490
0.00022704	199839
0.00022728	200608
0.00022752	204491
0.00022776	206384
0.000228	206941
0.00022824	207316
0.00022848	209970
0.00022872	210275
0.00022896	210528
0.0002292	211985
0.00022944	212976
0.00022968	212078
0.00022992	212219
0.00023016	213157
0.0002304	212606
0.00023064	211376
0.00023088	214266
0.00023112	212259
0.00023136	212825
0.0002316	212562
0.00023184	211653
0.00023208	212801
0.00023232	211809
0.00023256	213326
0.0002328	213464
0.00023304	212224
0.00023328	211839
0.00023352	211264
0.00023376	212876
0.000234	211871
0.00023424	212570
0.00023448	211113
0.00023472	211226
0.00023496	209682
0.0002352	211216
0.00023544	210811
0.00023568	209872
0.00023592	211619
0.00023616	211410
0.0002364	210850
0.00023664	211161
0.00023688	211017
0.00023712	211679
0.00023736	211423
0.0002376	208363
0.00023784	209787
0.00023808	209350
0.00023832	208552
0.00023856	210028
0.0002388	208777
0.00023904	209348
0.00023928	208718
0.00023952	206992
0.00023976	210425
0.00024	209225
0.00024024	206300
0.00024048	208926
0.00024072	208511
0.00024096	207921
0.0002412	206655
0.00024144	207787
0.00024168	206412
0.00024192	203621
0.00024216	198741
0.0002424	192934
0.00024264	184534
0.00024288	178746
0.00024312	172235
0.00024336	168924
0.0002436	168382
0.00024384	170856
0.00024408	176749
0.00024432	180504
0.00024456	185798
0.0002448	191417
0.00024504	193992
0.00024528	196437
0.00024552	198305
0.00024576	200079
0.000246	200469
0.00024624	201806
0.00024648	202719
0.00024672	201549
0.00024696	203326
0.0002472	203865
0.00024744	202181
0.00024768	202910
0.00024792	205693
0.00024816	204548
0.0002484	204767
0.00024864	202548
0.00024888	203357
0.00024912	204568
0.00024936	203567
0.0002496	203662
0.00024984	205242
0.00025008	204609
0.00025032	205659
0.00025056	206463
0.0002508	207303
0.00025104	207295
0.00025128	208209
0.00025152	206781
0.00025176	207780
0.000252	206506
0.00025224	204960
0.00025248	205620
0.00025272	203549
0.00025296	203689
0.0002532	202051
0.00025344	202411
0.00025368	202489
0.00025392	202392
0.00025416	201781
0.0002544	202801
0.00025464	201689
0.00025488	201552
0.00025512	202659
0.00025536	201973
0.0002556	202095
0.00025584	201516
0.00025608	203232
0.00025632	202589
0.00025656	201392
0.0002568	199664
0.00025704	202667
0.00025728	202377
0.00025752	201166
0.00025776	201612
0.000258	202179
0.00025824	202834
0.00025848	202108
0.00025872	202694
0.00025896	203664
0.0002592	203008
0.00025944	203174
0.00025968	204541
0.00025992	202636
0.00026016	201547
0.0002604	200365
0.00026064	200486
0.00026088	201729
0.00026112	201314
0.00026136	201210
0.0002616	201093
0.00026184	201528
0.00026208	201795
0.00026232	202257
0.00026256	200640
0.0002628	199688
0.00026304	198585
0.00026328	195882
0.00026352	195521
0.00026376	193092
0.000264	189816
0.00026424	189139
0.00026448	188417
0.00026472	188411
0.00026496	188860
0.0002652	190521
0.00026544	192653
0.00026568	194172
0.00026592	195370
0.00026616	195090
0.0002664	197719
0.00026664	195584
0.00026688	196947
0.00026712	196386
0.00026736	197167
0.0002676	195701
0.00026784	196784
0.00026808	197505
0.00026832	197369
0.00026856	198388
0.0002688	197382
0.00026904	197146
0.00026928	196625
0.00026952	197163
0.00026976	196570
0.00027	197640
0.00027024	196110
0.00027048	197627
0.00027072	197139
0.00027096	197890
0.0002712	196830
0.00027144	196243
0.00027168	196454
0.00027192	198825
0.00027216	197834
0.0002724	197143
0.00027264	198156
0.00027288	197859
0.00027312	196397
0.00027336	197024
0.0002736	195913
0.00027384	196614
0.00027408	197004
0.00027432	196609
0.00027456	197319
0.0002748	196273
0.00027504	198176
0.00027528	197507
0.00027552	196311
0.00027576	195961
0.000276	196723
0.00027624	196254
0.00027648	195951
0.00027672	196021
0.00027696	196022
0.0002772	195198
0.00027744	195060
0.00027768	195862
0.00027792	196378
0.00027816	195191
0.0002784	194625
0.00027864	195530
0.00027888	195053
0.00027912	194003
0.00027936	194016
0.0002796	194134
0.00027984	194388
0.00028008	194596
0.00028032	195901
0.00028056	195315
0.0002808	195070
0.00028104	195917
0.00028128	195501
0.00028152	195404
0.00028176	194935
0.000282	194527
0.00028224	195010
0.00028248	196031
0.00028272	195128
0.00028296	195922
0.0002832	194410
0.00028344	194469
0.00028368	195093
0.00028392	195051
0.00028416	193948
0.0002844	194750
0.00028464	194051
0.00028488	194845
0.00028512	192422
0.00028536	194116
0.0002856	193418
0.00028584	193520
0.00028608	194163
0.00028632	195452
0.00028656	194181
0.0002868	192786
0.00028704	192291
0.00028728	193784
0.00028752	192913
0.00028776	194384
0.000288	194614
0.00028824	194726
0.00028848	195181
0.00028872	195114
0.00028896	193401
0.0002892	194184
0.00028944	194311
0.00028968	196222
0.00028992	195746
0.00029016	196188
0.0002904	195794
0.00029064	195228
0.00029088	194622
0.00029112	194281
0.00029136	193312
0.0002916	191757
0.00029184	190449
0.00029208	190952
0.00029232	191059
0.00029256	192115
0.0002928	191424
0.00029304	191163
0.00029328	192301
0.00029352	191589
0.00029376	191366
0.000294	191992
0.00029424	191997
0.00029448	191715
0.00029472	190479
0.00029496	190341
0.0002952	191960
0.00029544	190867
0.00029568	191091
0.00029592	191566
0.00029616	189833
0.0002964	191062
0.00029664	191186
0.00029688	191382
0.00029712	189961
0.00029736	190821
0.0002976	190292
0.00029784	191049
0.00029808	190726
0.00029832	191123
0.00029856	191973
0.0002988	190139
0.00029904	190700
0.00029928	190392
0.00029952	191165
0.00029976	190012
0.0003	190316
0.00030024	190275
0.00030048	190365
0.00030072	190702
0.00030096	191180
0.0003012	190578
0.00030144	190671
0.00030168	191360
0.00030192	190267
0.00030216	189575
0.0003024	190282
0.00030264	190389
0.00030288	189285
0.00030312	189306
0.00030336	189912
0.0003036	190582
0.00030384	191262
0.00030408	189714
0.00030432	189808
0.00030456	190101
0.0003048	189722
0.00030504	189534
0.00030528	188982
0.00030552	189775
0.00030576	189102
0.000306	188988
0.00030624	190416
0.00030648	189271
0.00030672	190054
0.00030696	189217
0.0003072	188946
0.00030744	187807
0.00030768	188937
0.00030792	188662
0.00030816	189273
0.0003084	189541
0.00030864	188406
0.00030888	188205
0.00030912	190467
0.00030936	188972
0.0003096	188750
0.00030984	188165
0.00031008	190481
0.00031032	187901
0.00031056	187945
0.0003108	188688
0.00031104	188661
0.00031128	189006
0.00031152	188049
0.00031176	189506
0.000312	187835
0.00031224	187534
0.00031248	187524
0.00031272	187270
0.00031296	188176
0.0003132	187432
0.00031344	186469
0.00031368	185736
0.00031392	186687
0.00031416	187246
0.0003144	187608
0.00031464	187223
0.00031488	186558
0.00031512	186928
0.00031536	186358
0.0003156	186142
0.00031584	186401
0.00031608	185929
0.00031632	187623
0.00031656	186846
0.0003168	184982
0.00031704	184152
0.00031728	185688
0.00031752	184854
0.00031776	183576
0.000318	184065
0.00031824	182621
0.00031848	180702
0.00031872	178522
0.00031896	175681
0.0003192	171920
0.00031944	169536
0.00031968	166430
0.00031992	166288
0.00032016	165227
0.0003204	163504
0.00032064	163680
0.00032088	165079
0.00032112	167656
0.00032136	167109
0.0003216	171241
0.00032184	171681
0.00032208	175745
0.00032232	175527
0.00032256	178916
0.0003228	179752
0.00032304	179475
0.00032328	181668
0.00032352	180169
0.00032376	180546
0.000324	182868
0.00032424	184056
0.00032448	183385
0.00032472	184489
0.00032496	183288
0.0003252	184202
0.00032544	183613
0.00032568	183622
0.00032592	185301
0.00032616	184323
0.0003264	184442
0.00032664	184123
0.00032688	184917
0.00032712	185067
0.00032736	186138
0.0003276	184864
0.00032784	186442
0.00032808	186948
0.00032832	185496
0.00032856	183865
0.0003288	186368
0.00032904	186423
0.00032928	184949
0.00032952	184237
0.00032976	185127
0.00033	186129
0.00033024	185368
0.00033048	185480
0.00033072	185099
0.00033096	184526
0.0003312	184107
0.00033144	184986
0.00033168	185784
0.00033192	186406
0.00033216	186570
0.0003324	184930
0.00033264	185496
0.00033288	186530
0.00033312	184988
0.00033336	185145
0.0003336	184921
0.00033384	185177
0.00033408	184715
0.00033432	184619
0.00033456	186737
0.0003348	185664
0.00033504	185086
0.00033528	183087
0.00033552	185926
0.00033576	184364
0.000336	185877
0.00033624	184283
0.00033648	184296
0.00033672	185201
0.00033696	184750
0.0003372	184791
0.00033744	186023
0.00033768	184504
0.00033792	184959
0.00033816	184561
0.0003384	182999
0.00033864	184647
0.00033888	184194
0.00033912	183513
0.00033936	183527
0.0003396	185479
0.00033984	185333
0.00034008	185232
0.00034032	184500
0.00034056	183769
0.0003408	182795
0.00034104	184210
0.00034128	184531
0.00034152	183501
0.00034176	184760
0.000342	183906
0.00034224	184796
0.00034248	184614
0.00034272	183773
0.00034296	183539
0.0003432	182571
0.00034344	183267
0.00034368	182244
0.00034392	183984
0.00034416	183458
0.0003444	183285
0.00034464	182878
0.00034488	181329
0.00034512	183138
0.00034536	180989
0.0003456	182301
0.00034584	182987
0.00034608	183500
0.00034632	182965
0.00034656	181333
0.0003468	183522
0.00034704	182575
0.00034728	183010
0.00034752	181536
0.00034776	181841
0.000348	182264
0.00034824	183149
0.00034848	182525
0.00034872	183028
0.00034896	181246
0.0003492	184340
0.00034944	182386
0.00034968	181900
0.00034992	182566
0.00035016	182232
0.0003504	184479
0.00035064	183062
0.00035088	181561
0.00035112	181809
0.00035136	182596
0.0003516	182051
0.00035184	181859
0.00035208	183109
0.00035232	183753
0.00035256	182776
0.0003528	181768
0.00035304	182129
0.00035328	183005
0.00035352	181324
0.00035376	183198
0.000354	181577
0.00035424	181180
0.00035448	181483
0.00035472	182349
0.00035496	182446
0.0003552	181815
0.00035544	182286
0.00035568	180273
0.00035592	181735
0.00035616	181744
0.0003564	182368
0.00035664	181563
0.00035688	182049
0.00035712	182663
0.00035736	181050
0.0003576	182439
0.00035784	182104
0.00035808	181754
0.00035832	182180
0.00035856	179854
0.0003588	181574
0.00035904	180994
0.00035928	181568
0.00035952	181152
0.00035976	181184
0.00036	181317
0.00036024	182586
0.00036048	180548
0.00036072	180128
0.00036096	181459
0.0003612	181473
0.00036144	181391
0.00036168	179725
0.00036192	181202
0.00036216	179038
0.0003624	179629
0.00036264	180979
0.00036288	179150
0.00036312	180136
0.00036336	180064
0.0003636	178591
0.00036384	179045
0.00036408	178281
0.00036432	177733
0.00036456	178079
0.0003648	176291
0.00036504	179451
0.00036528	176348
0.00036552	177182
0.00036576	175542
0.000366	175260
0.00036624	175142
0.00036648	173755
0.00036672	171614
0.00036696	168917
0.0003672	168073
0.00036744	165306
0.00036768	162531
0.00036792	157622
0.00036816	154466
0.0003684	149157
0.00036864	142575
0.00036888	138062
0.00036912	135739
0.00036936	129977
0.0003696	126621
0.00036984	123007
0.00037008	121916
0.00037032	118365
0.00037056	117305
0.0003708	115420
0.00037104	114550
0.00037128	114090
0.00037152	114151
0.00037176	115212
0.000372	116296
0.00037224	119556
0.00037248	122750
0.00037272	125966
0.00037296	129432
0.0003732	134321
0.00037344	137601
0.00037368	142656
0.00037392	147779
0.00037416	150182
0.0003744	152805
0.00037464	156018
0.00037488	158593
0.00037512	162330
0.00037536	161118
0.0003756	162434
0.00037584	164594
0.00037608	165790
0.00037632	167484
0.00037656	168469
0.0003768	169711
0.00037704	170775
0.00037728	171623
0.00037752	172646
0.00037776	173238
0.000378	172578
0.00037824	175133
0.00037848	174294
0.00037872	174589
0.00037896	174324
0.0003792	176975
0.00037944	176787
0.00037968	176676
0.00037992	176599
0.00038016	176619
0.0003804	176342
0.00038064	177876
0.00038088	176750
0.00038112	177403
0.00038136	178672
0.0003816	177934
0.00038184	178698
0.00038208	178872
0.00038232	177990
0.00038256	179352
0.0003828	177417
0.00038304	177403
0.00038328	178409
0.00038352	178049
0.00038376	178329
0.000384	178532
0.00038424	180555
0.00038448	179290
0.00038472	179922
0.00038496	180642
0.0003852	179404
0.00038544	179536
0.00038568	180645
0.00038592	179636
0.00038616	180394
0.0003864	179684
0.00038664	179377
0.00038688	179728
0.00038712	179819
0.00038736	179147
0.0003876	180527
0.00038784	180227
0.00038808	181320
0.00038832	180051
0.00038856	181249
0.0003888	180124
0.00038904	180188
0.00038928	179225
0.00038952	179580
0.00038976	179369
0.00039	179771
0.00039024	182376
0.00039048	179677
0.00039072	179354
0.00039096	180066
0.0003912	179219
0.00039144	180569
0.00039168	181321
0.00039192	180618
0.00039216	181041
0.0003924	179820
0.00039264	178963
0.00039288	179929
0.00039312	181040
0.00039336	181168
0.0003936	179264
0.00039384	181163
0.00039408	181404
0.00039432	180629
0.00039456	180802
0.0003948	180373
0.00039504	178448
0.00039528	180725
0.00039552	180391
0.00039576	182093
0.000396	181044
0.00039624	180084
0.00039648	180426
0.00039672	180472
0.00039696	181625
0.0003972	179453
0.00039744	180929
0.00039768	181205
0.00039792	179840
0.00039816	179255
0.0003984	180087
0.00039864	181457
0.00039888	180301
0.00039912	179586
0.00039936	181666
0.0003996	180394
0.00039984	180976
0.00040008	179857
0.00040032	180452
0.00040056	179825
0.0004008	182094
0.00040104	181356
0.00040128	180726
0.00040152	180716
0.00040176	179923
0.000402	181010
0.00040224	180774
0.00040248	180154
0.00040272	179106
0.00040296	179542
0.0004032	181528
0.00040344	181289
0.00040368	179600
0.00040392	179699
0.00040416	179287
0.0004044	181081
0.00040464	179727
0.00040488	181086
0.00040512	180149
0.00040536	180805
0.0004056	181453
0.00040584	179824
0.00040608	179997
0.00040632	181218
0.00040656	179670
0.0004068	180515
0.00040704	180651
0.00040728	179875
0.00040752	181711
0.00040776	180278
0.000408	179139
0.00040824	181807
0.00040848	181344
0.00040872	181798
0.00040896	180832
0.0004092	181107
0.00040944	180064
0.00040968	180845
0.00040992	179435
0.00041016	180663
0.0004104	181021
0.00041064	179695
0.00041088	180570
0.00041112	180635
0.00041136	180164
0.0004116	179567
0.00041184	180374
0.00041208	180393
0.00041232	181546
0.00041256	179236
0.0004128	179472
0.00041304	181351
0.00041328	178756
0.00041352	179541
0.00041376	180692
0.000414	181396
0.00041424	181200
0.00041448	180804
0.00041472	179681
0.00041496	180228
0.0004152	179907
0.00041544	180679
0.00041568	181048
0.00041592	179672
0.00041616	180381
0.0004164	178734
0.00041664	178985
0.00041688	180103
0.00041712	178885
0.00041736	178883
0.0004176	179632
0.00041784	179491
0.00041808	181078
0.00041832	180957
0.00041856	178860
0.0004188	179753
0.00041904	180805
0.00041928	181379
0.00041952	180332
0.00041976	181059
0.00042	179386
0.00042024	178847
0.00042048	180096
0.00042072	181012
0.00042096	180461
0.0004212	181636
0.00042144	181237
0.00042168	180592
0.00042192	180869
0.00042216	180475
0.0004224	181160
0.00042264	179759
0.00042288	181356
0.00042312	181013
0.00042336	179088
0.0004236	179923
0.00042384	180693
0.00042408	181082
0.00042432	179694
0.00042456	180542
0.0004248	181124
0.00042504	180890
0.00042528	180924
0.00042552	181078
0.00042576	180600
0.000426	180226
0.00042624	179661
0.00042648	179362
0.00042672	180049
0.00042696	179798
0.0004272	179332
0.00042744	180084
0.00042768	179476
0.00042792	181030
0.00042816	180581
0.0004284	180774
0.00042864	179357
0.00042888	177923
0.00042912	179558
0.00042936	179356
0.0004296	178196
0.00042984	178769
0.00043008	179623
0.00043032	179031
0.00043056	179359
0.0004308	177469
0.00043104	179620
0.00043128	178986
0.00043152	178747
0.00043176	179736
0.000432	178775
0.00043224	179108
0.00043248	177735
0.00043272	178395
0.00043296	178478
0.0004332	180111
0.00043344	179483
0.00043368	177986
0.00043392	179233
0.00043416	179088
0.0004344	179238
0.00043464	178853
0.00043488	180364
0.00043512	179581
0.00043536	178262
0.0004356	180265
0.00043584	179517
0.00043608	177382
0.00043632	179773
0.00043656	180020
0.0004368	179758
0.00043704	180030
0.00043728	178791
0.00043752	179121
0.00043776	179436
0.000438	179455
0.00043824	180108
0.00043848	179946
0.00043872	179630
0.00043896	178624
0.0004392	178674
0.00043944	180425
0.00043968	179659
0.00043992	180098
0.00044016	180192
0.0004404	178358
0.00044064	178437
0.00044088	179528
0.00044112	179500
0.00044136	181121
0.0004416	179977
0.00044184	180084
0.00044208	180413
0.00044232	179579
0.00044256	181200
0.0004428	178611
0.00044304	179512
0.00044328	178351
0.00044352	180679
0.00044376	181321
0.000444	178619
0.00044424	180040
0.00044448	180374
0.00044472	177724
0.00044496	180018
0.0004452	179303
0.00044544	180563
0.00044568	179250
0.00044592	180057
0.00044616	180203
0.0004464	180263
0.00044664	180928
0.00044688	179882
0.00044712	181692
0.00044736	179712
0.0004476	179496
0.00044784	179729
0.00044808	180389
0.00044832	180407
0.00044856	179845
0.0004488	178737
0.00044904	179555
0.00044928	180525
0.00044952	180590
0.00044976	179409
0.00045	180528
0.00045024	180356
0.00045048	180447
0.00045072	179177
0.00045096	178721
0.0004512	178511
0.00045144	179367
0.00045168	180837
0.00045192	180965
0.00045216	179710
0.0004524	180430
0.00045264	180207
0.00045288	179400
0.00045312	179968
0.00045336	179085
0.0004536	180797
0.00045384	179748
0.00045408	179235
0.00045432	179021
0.00045456	179034
0.0004548	181325
0.00045504	179813
0.00045528	180742
0.00045552	181402
0.00045576	181278
0.000456	181755
0.00045624	179774
0.00045648	179805
0.00045672	180733
0.00045696	179722
0.0004572	178126
0.00045744	180232
0.00045768	180473
0.00045792	179713
0.00045816	181492
0.0004584	180444
0.00045864	181307
0.00045888	180931
0.00045912	179788
0.00045936	180487
0.0004596	179378
0.00045984	179597
0.00046008	180649
0.00046032	181738
0.00046056	180258
0.0004608	180519
0.00046104	179810
0.00046128	181817
0.00046152	182750
0.00046176	179306
0.000462	179380
0.00046224	180184
0.00046248	180801
0.00046272	181152
0.00046296	181035
0.0004632	179605
0.00046344	180257
0.00046368	180430
0.00046392	180291
0.00046416	182300
0.0004644	180389
0.00046464	181930
0.00046488	180951
0.00046512	181316
0.00046536	180361
0.0004656	181210
0.00046584	180980
0.00046608	181501
0.00046632	181328
0.00046656	181315
0.0004668	181003
0.00046704	179547
0.00046728	180312
0.00046752	180303
0.00046776	179908
0.000468	181235
0.00046824	179663
0.00046848	179734
0.00046872	181540
0.00046896	181556
0.0004692	179546
0.00046944	180141
0.00046968	181363
0.00046992	179833
0.00047016	181229
0.0004704	180853
0.00047064	181353
0.00047088	181920
0.00047112	181637
0.00047136	181543
0.0004716	181180
0.00047184	183825
0.00047208	181279
0.00047232	179105
0.00047256	181282
0.0004728	180554
0.00047304	180917
0.00047328	180265
0.00047352	179881
0.00047376	180304
0.000474	179846
0.00047424	181294
0.00047448	181346
0.00047472	180269
0.00047496	180211
0.0004752	180779
0.00047544	179443
0.00047568	178267
0.00047592	178858
0.00047616	178650
0.0004764	178291
0.00047664	180053
0.00047688	178672
0.00047712	177976
0.00047736	177506
0.0004776	178876
0.00047784	179480
0.00047808	179466
0.00047832	178359
0.00047856	178750
0.0004788	179182
0.00047904	179985
0.00047928	179453
0.00047952	180577
0.00047976	180603
0.00048	180269
0.00048024	178330
0.00048048	180294
0.00048072	179162
0.00048096	180479
0.0004812	181566
0.00048144	180185
0.00048168	181255
0.00048192	179561
0.00048216	179510
0.0004824	180229
0.00048264	180496
0.00048288	180508
0.00048312	181521
0.00048336	182322
0.0004836	181663
0.00048384	181254
0.00048408	182052
0.00048432	183301
0.00048456	182935
0.0004848	182113
0.00048504	181497
0.00048528	182028
0.00048552	184704
0.00048576	184136
0.000486	185518
0.00048624	184478
0.00048648	185047
0.00048672	185171
0.00048696	183079
0.0004872	188010
0.00048744	188089
0.00048768	189120
0.00048792	189355
0.00048816	188758
0.0004884	189417
0.00048864	191468
0.00048888	191548
0.00048912	192218
0.00048936	192781
0.0004896	192406
0.00048984	194652
0.00049008	194915
0.00049032	195960
0.00049056	196192
0.0004908	198514
0.00049104	197044
0.00049128	198146
0.00049152	199103
0.00049176	198906
0.000492	199076
0.00049224	202630
0.00049248	199875
0.00049272	200090
0.00049296	199526
0.0004932	199856
0.00049344	197798
0.00049368	197723
0.00049392	198809
0.00049416	197430
0.0004944	197120
0.00049464	197534
0.00049488	195328
0.00049512	195990
0.00049536	194618
0.0004956	193991
0.00049584	194550
0.00049608	194749
0.00049632	193315
0.00049656	193548
0.0004968	191147
0.00049704	190808
0.00049728	189196
0.00049752	190670
0.00049776	191852
0.000498	191045
0.00049824	189675
0.00049848	188357
0.00049872	188903
0.00049896	188429
0.0004992	186168
0.00049944	186919
0.00049968	186970
0.00049992	187524
0.00050016	187644
0.0005004	186804
0.00050064	186323
0.00050088	185514
0.00050112	184753
0.00050136	185244
0.0005016	184749
0.00050184	187036
0.00050208	186857
0.00050232	184889
0.00050256	183981
0.0005028	184987
0.00050304	185143
0.00050328	183845
0.00050352	186344
0.00050376	184457
0.000504	183071
0.00050424	183395
0.00050448	183217
0.00050472	183353
0.00050496	185180
0.0005052	184551
0.00050544	184099
0.00050568	185414
0.00050592	185502
0.00050616	183265
0.0005064	184438
0.00050664	182332
0.00050688	183714
0.00050712	184519
0.00050736	183224
0.0005076	183977
0.00050784	185254
0.00050808	184861
0.00050832	184087
0.00050856	183983
0.0005088	184649
0.00050904	184898
0.00050928	184492
0.00050952	184632
0.00050976	185936
0.00051	184570
0.00051024	186170
0.00051048	184935
0.00051072	184283
0.00051096	184045
0.0005112	184094
0.00051144	185082
0.00051168	184708
0.00051192	183948
0.00051216	184369
0.0005124	183322
0.00051264	183935
0.00051288	183698
0.00051312	184160
0.00051336	184677
0.0005136	183827
0.00051384	184113
0.00051408	184441
0.00051432	185066
0.00051456	186085
0.0005148	184223
0.00051504	184212
0.00051528	183880
0.00051552	183234
0.00051576	184349
0.000516	184175
0.00051624	183281
0.00051648	184286
0.00051672	182844
0.00051696	182923
0.0005172	185847
0.00051744	185933
0.00051768	186657
0.00051792	185228
0.00051816	184925
0.0005184	183909
0.00051864	184117
0.00051888	183512
0.00051912	184873
0.00051936	185292
0.0005196	186070
0.00051984	183325
0.00052008	182830
0.00052032	183735
0.00052056	183041
0.0005208	184167
0.00052104	185022
0.00052128	184563
0.00052152	185144
0.00052176	184805
0.000522	184467
0.00052224	184165
0.00052248	185037
0.00052272	184320
0.00052296	184314
0.0005232	183343
0.00052344	185511
0.00052368	183505
0.00052392	185380
0.00052416	184278
0.0005244	185080
0.00052464	185166
0.00052488	183666
0.00052512	184080
0.00052536	186474
0.0005256	185940
0.00052584	184948
0.00052608	184562
0.00052632	184341
0.00052656	184104
0.0005268	185163
0.00052704	184298
0.00052728	183894
0.00052752	184490
0.00052776	185059
0.000528	184096
0.00052824	184376
0.00052848	185897
0.00052872	184434
0.00052896	184954
0.0005292	185244
0.00052944	185116
0.00052968	184785
0.00052992	185655
0.00053016	184965
0.0005304	185799
0.00053064	185825
0.00053088	185783
0.00053112	185186
0.00053136	185483
0.0005316	185571
0.00053184	185376
0.00053208	184532
0.00053232	186058
0.00053256	184300
0.0005328	185474
0.00053304	185926
0.00053328	184718
0.00053352	184768
0.00053376	184922
0.000534	185241
0.00053424	186814
0.00053448	184726
0.00053472	185684
0.00053496	185589
0.0005352	185639
0.00053544	185889
0.00053568	186199
0.00053592	185407
0.00053616	185515
0.0005364	184944
0.00053664	186795
0.00053688	185235
0.00053712	185977
0.00053736	188312
0.0005376	185660
0.00053784	184577
0.00053808	186485
0.00053832	185680
0.00053856	186296
0.0005388	186252
0.00053904	184867
0.00053928	187138
0.00053952	186090
0.00053976	185992
0.00054	186201
0.00054024	185959
0.00054048	185471
0.00054072	186171
0.00054096	186718
0.0005412	186125
0.00054144	184028
0.00054168	184700
0.00054192	183477
0.00054216	185976
0.0005424	187095
0.00054264	184195
0.00054288	185138
0.00054312	185027
0.00054336	184740
0.0005436	183456
0.00054384	184650
0.00054408	184099
0.00054432	183803
0.00054456	183906
0.0005448	184761
0.00054504	183794
0.00054528	183600
0.00054552	185807
0.00054576	183485
0.000546	186317
0.00054624	183814
0.00054648	185082
0.00054672	184129
0.00054696	182661
0.0005472	183710
0.00054744	184074
0.00054768	184307
0.00054792	184689
0.00054816	184619
0.0005484	185920
0.00054864	185350
0.00054888	183456
0.00054912	182616
0.00054936	183512
0.0005496	184165
0.00054984	183768
0.00055008	183483
0.00055032	181709
0.00055056	182923
0.0005508	183258
0.00055104	183821
0.00055128	181354
0.00055152	181184
0.00055176	180729
0.000552	182019
0.00055224	181750
0.00055248	181420
0.00055272	181273
0.00055296	179904
0.0005532	181960
0.00055344	180437
0.00055368	180073
0.00055392	180917
0.00055416	179647
0.0005544	180006
0.00055464	178595
0.00055488	179025
0.00055512	179396
0.00055536	179336
0.0005556	178355
0.00055584	180217
0.00055608	178887
0.00055632	179030
0.00055656	176649
0.0005568	177417
0.00055704	177266
0.00055728	176654
0.00055752	176457
0.00055776	176809
0.000558	175400
0.00055824	175258
0.00055848	175525
0.00055872	174143
0.00055896	175022
0.0005592	174740
0.00055944	174591
0.00055968	173236
0.00055992	172354
0.00056016	172529
0.0005604	170815
0.00056064	170595
0.00056088	169443
0.00056112	169923
0.00056136	169102
0.0005616	168356
0.00056184	166848
0.00056208	166256
0.00056232	166353
0.00056256	165878
0.0005628	165592
0.00056304	163320
0.00056328	163414
0.00056352	160372
0.00056376	160063
0.000564	159724
0.00056424	158400
0.00056448	155776
0.00056472	155835
0.00056496	153076
0.0005652	153620
0.00056544	151433
0.00056568	148896
0.00056592	146976
0.00056616	144794
0.0005664	142460
0.00056664	141490
0.00056688	138361
0.00056712	137601
0.00056736	133431
0.0005676	131548
0.00056784	129939
0.00056808	127893
0.00056832	123699
0.00056856	122085
0.0005688	118431
0.00056904	117268
0.00056928	114263
0.00056952	111500
0.00056976	108576
0.00057	107462
0.00057024	105328
0.00057048	102546
0.00057072	100849
0.00057096	100675
0.0005712	98642
0.00057144	96774
0.00057168	94955
0.00057192	94733
0.00057216	92430
0.0005724	92765
0.00057264	91469
0.00057288	90719
0.00057312	90076
0.00057336	89894
0.0005736	89279
0.00057384	87187
0.00057408	87629
0.00057432	87356
0.00057456	87542
0.0005748	86426
0.00057504	86080
0.00057528	86178
0.00057552	84948
0.00057576	84493
0.000576	84224
0.00057624	84585
0.00057648	83149
0.00057672	83458
0.00057696	84045
0.0005772	83885
0.00057744	83392
0.00057768	82886
0.00057792	83995
0.00057816	83297
0.0005784	83830
0.00057864	83609
0.00057888	83537
0.00057912	82409
0.00057936	83844
0.0005796	82938
0.00057984	83584
0.00058008	84098
0.00058032	83355
0.00058056	83058
0.0005808	83576
0.00058104	84763
0.00058128	85949
0.00058152	86344
0.00058176	88372
0.000582	88507
0.00058224	90104
0.00058248	90766
0.00058272	92872
0.00058296	94587
0.0005832	96316
0.00058344	98904
0.00058368	100279
0.00058392	101123
0.00058416	104871
0.0005844	107947
0.00058464	109862
0.00058488	112255
0.00058512	113974
0.00058536	117214
0.0005856	119746
0.00058584	122496
0.00058608	123157
0.00058632	126514
0.00058656	129095
0.0005868	130193
0.00058704	131865
0.00058728	134718
0.00058752	136091
0.00058776	136518
0.000588	139167
0.00058824	142820
0.00058848	144035
0.00058872	145650
0.00058896	145485
0.0005892	147219
0.00058944	150402
0.00058968	150470
0.00058992	152320
0.00059016	154855
0.0005904	153526
0.00059064	155738
0.00059088	156448
0.00059112	158219
0.00059136	159652
0.0005916	161078
0.00059184	161662
0.00059208	162772
0.00059232	165172
0.00059256	163738
0.0005928	164462
0.00059304	165391
0.00059328	167145
0.00059352	167412
0.00059376	167585
0.000594	169292
0.00059424	170327
0.00059448	169229
0.00059472	171949
0.00059496	170882
0.0005952	173703
0.00059544	173363
0.00059568	173040
0.00059592	174288
0.00059616	174903
0.0005964	176552
0.00059664	175266
0.00059688	175468
0.00059712	177889
0.00059736	177641
0.0005976	179017
0.00059784	178826
0.00059808	179493
0.00059832	180649
0.00059856	180534
0.0005988	178405
0.00059904	181113
0.00059928	180911
0.00059952	182786
0.00059976	181743
0.0006	182003
0.00060024	184044
0.00060048	184510
0.00060072	182916
0.00060096	185342
0.0006012	184784
0.00060144	183884
0.00060168	184868
0.00060192	184768
0.00060216	185165
0.0006024	187360
0.00060264	185859
0.00060288	186880
0.00060312	187488
0.00060336	187531
0.0006036	187417
0.00060384	186620
0.00060408	187838
0.00060432	187086
0.00060456	186822
0.0006048	188105
0.00060504	188431
0.00060528	187391
0.00060552	189390
0.00060576	189025
0.000606	190188
0.00060624	188610
0.00060648	188401
0.00060672	189917
0.00060696	191315
0.0006072	190630
0.00060744	190313
0.00060768	191744
0.00060792	191538
0.00060816	191616
0.0006084	192425
0.00060864	190364
0.00060888	191317
0.00060912	192293
0.00060936	191999
0.0006096	192216
0.00060984	194492
0.00061008	191653
0.00061032	192900
0.00061056	193902
0.0006108	194006
0.00061104	192938
0.00061128	196194
0.00061152	194481
0.00061176	195264
0.000612	193901
0.00061224	192907
0.00061248	193999
0.00061272	193676
0.00061296	195456
0.0006132	195278
0.00061344	195662
0.00061368	196761
0.00061392	194904
0.00061416	195987
0.0006144	196385
0.00061464	194798
0.00061488	196338
0.00061512	195684
0.00061536	195591
0.0006156	195878
0.00061584	197826
0.00061608	196262
0.00061632	197623
0.00061656	198237
0.0006168	196734
0.00061704	196827
0.00061728	197074
0.00061752	196925
0.00061776	197268
0.000618	197022
0.00061824	198836
0.00061848	196915
0.00061872	197584
0.00061896	198984
0.0006192	197267
0.00061944	197786
0.00061968	199402
0.00061992	197328
0.00062016	198068
0.0006204	197366
0.00062064	198383
0.00062088	199421
0.00062112	197964
0.00062136	198842
0.0006216	197363
0.00062184	201120
0.00062208	199622
0.00062232	200012
0.00062256	199604
0.0006228	201111
0.00062304	200440
0.00062328	199626
0.00062352	199243
0.00062376	201279
0.000624	201481
0.00062424	199097
0.00062448	201742
0.00062472	200578
0.00062496	199223
0.0006252	202561
0.00062544	201282
0.00062568	200709
0.00062592	199977
0.00062616	199182
0.0006264	199883
0.00062664	200482
0.00062688	202931
0.00062712	199729
0.00062736	198879
0.0006276	202171
0.00062784	202741
0.00062808	200467
0.00062832	200361
0.00062856	201615
0.0006288	202858
0.00062904	201536
0.00062928	201322
0.00062952	201991
0.00062976	203043
0.00063	201750
0.00063024	201665
0.00063048	202564
0.00063072	203764
0.00063096	201968
0.0006312	202532
0.00063144	204353
0.00063168	204333
0.00063192	203013
0.00063216	204321
0.0006324	203249
0.00063264	202130
0.00063288	202920
0.00063312	203750
0.00063336	202914
0.0006336	202576
0.00063384	202160
0.00063408	204713
0.00063432	204384
0.00063456	204714
0.0006348	204141
0.00063504	204667
0.00063528	205003
0.00063552	204064
0.00063576	203606
0.000636	205368
0.00063624	203947
0.00063648	205436
0.00063672	204305
0.00063696	204363
0.0006372	203283
0.00063744	203215
0.00063768	205438
0.00063792	204571
0.00063816	205822
0.0006384	204960
0.00063864	203070
0.00063888	206305
0.00063912	205389
0.00063936	205394
0.0006396	204267
0.00063984	204768
0.00064008	204176
0.00064032	203858
0.00064056	206597
0.0006408	205559
0.00064104	206027
0.00064128	205905
0.00064152	205716
0.00064176	207244
0.000642	205328
0.00064224	205161
0.00064248	204331
0.00064272	206905
0.00064296	205589
0.0006432	205256
0.00064344	207053
0.00064368	205522
0.00064392	206830
0.00064416	206608
0.0006444	207376
0.00064464	207174
0.00064488	208065
0.00064512	206794
0.00064536	205871
0.0006456	206717
0.00064584	207338
0.00064608	206404
0.00064632	206288
0.00064656	207608
0.0006468	207689
0.00064704	207413
0.00064728	207742
0.00064752	206993
0.00064776	205895
0.000648	208243
0.00064824	208433
0.00064848	207529
0.00064872	209875
0.00064896	207357
0.0006492	208735
0.00064944	208056
0.00064968	208996
0.00064992	207168
0.00065016	208537
0.0006504	208139
0.00065064	208248
0.00065088	209218
0.00065112	207704
0.00065136	208735
0.0006516	208764
0.00065184	208070
0.00065208	210340
0.00065232	206998
0.00065256	210780
0.0006528	208474
0.00065304	209753
0.00065328	210896
0.00065352	208965
0.00065376	208915
0.000654	208931
0.00065424	209835
0.00065448	208545
0.00065472	211370
0.00065496	209491
0.0006552	209423
0.00065544	209813
0.00065568	209428
0.00065592	210382
0.00065616	210585
0.0006564	210148
0.00065664	210077
0.00065688	210370
0.00065712	209699
0.00065736	210130
0.0006576	209622
0.00065784	209950
0.00065808	209953
0.00065832	210864
0.00065856	210793
0.0006588	210843
0.00065904	210805
0.00065928	208923
0.00065952	209958
0.00065976	210115
0.00066	212214
0.00066024	210847
0.00066048	210459
0.00066072	211906
0.00066096	210399
0.0006612	212809
0.00066144	212502
0.00066168	212160
0.00066192	211386
0.00066216	212244
0.0006624	213398
0.00066264	211680
0.00066288	210541
0.00066312	211215
0.00066336	212590
0.0006636	210428
0.00066384	212931
0.00066408	212091
0.00066432	210737
0.00066456	213116
0.0006648	213327
0.00066504	211929
0.00066528	213457
0.00066552	212429
0.00066576	213379
0.000666	214359
0.00066624	212271
0.00066648	211947
0.00066672	212496
0.00066696	210259
0.0006672	213786
0.00066744	211693
0.00066768	213117
0.00066792	212763
0.00066816	212805
0.0006684	214911
0.00066864	214384
0.00066888	214074
0.00066912	214360
0.00066936	213346
0.0006696	214085
0.00066984	215728
0.00067008	213971
0.00067032	213915
0.00067056	213924
0.0006708	213903
0.00067104	216140
0.00067128	214684
0.00067152	213779
0.00067176	213543
0.000672	215531
0.00067224	216711
0.00067248	215028
0.00067272	214047
0.00067296	213867
0.0006732	214452
0.00067344	215840
0.00067368	215253
0.00067392	214947
0.00067416	214942
0.0006744	216417
0.00067464	214881
0.00067488	215947
0.00067512	216795
0.00067536	213733
0.0006756	213213
0.00067584	216050
0.00067608	216490
0.00067632	216420
0.00067656	215827
0.0006768	216011
0.00067704	215259
0.00067728	215446
0.00067752	214057
0.00067776	214892
0.000678	217142
0.00067824	217811
0.00067848	216753
0.00067872	215338
0.00067896	217030
0.0006792	213843
0.00067944	216667
0.00067968	217389
0.00067992	219194
0.00068016	217657
0.0006804	216987
0.00068064	217319
0.00068088	216100
0.00068112	216880
0.00068136	216537
0.0006816	215061
0.00068184	217757
0.00068208	216696
0.00068232	219572
0.00068256	218090
0.0006828	218006
0.00068304	216566
0.00068328	218170
0.00068352	217844
0.00068376	217587
0.000684	217745
0.00068424	218415
0.00068448	220416
0.00068472	218782
0.00068496	217905
0.0006852	218034
0.00068544	220354
0.00068568	216918
0.00068592	218141
0.00068616	217180
0.0006864	218236
0.00068664	216968
0.00068688	218438
0.00068712	218121
0.00068736	218504
0.0006876	218616
0.00068784	219692
0.00068808	217589
0.00068832	218533
0.00068856	219881
0.0006888	218617
0.00068904	218611
0.00068928	218245
0.00068952	219333
0.00068976	219644
0.00069	218513
0.00069024	219916
0.00069048	217173
0.00069072	219549
0.00069096	220767
0.0006912	220313
0.00069144	218639
0.00069168	219825
0.00069192	220315
0.00069216	219523
0.0006924	221370
0.00069264	218905
0.00069288	218987
0.00069312	219772
0.00069336	219919
0.0006936	221391
0.00069384	220015
0.00069408	220680
0.00069432	220998
0.00069456	220001
0.0006948	219176
0.00069504	220313
0.00069528	220179
0.00069552	220146
0.00069576	217791
0.000696	219365
0.00069624	219923
0.00069648	219768
0.00069672	220870
0.00069696	221602
0.0006972	220108
0.00069744	220238
0.00069768	222693
0.00069792	222241
0.00069816	220390
0.0006984	219966
0.00069864	221348
0.00069888	222073
0.00069912	222173
0.00069936	221572
0.0006996	221667
0.00069984	220614
0.00070008	223246
0.00070032	219847
0.00070056	222280
0.0007008	220416
0.00070104	222014
0.00070128	220662
0.00070152	222256
0.00070176	222810
0.000702	221967
0.00070224	222063
0.00070248	221349
0.00070272	221290
0.00070296	222711
0.0007032	221454
0.00070344	219936
0.00070368	221165
0.00070392	220513
0.00070416	221005
0.0007044	222883
0.00070464	221042
0.00070488	221862
0.00070512	220885
0.00070536	221143
0.0007056	221123
0.00070584	222228
0.00070608	221721
0.00070632	221954
0.00070656	222965
0.0007068	221971
0.00070704	222033
0.00070728	221025
0.00070752	221945
0.00070776	222070
0.000708	222724
0.00070824	222273
0.00070848	221026
0.00070872	222315
0.00070896	221733
0.0007092	222330
0.00070944	221514
0.00070968	221543
0.00070992	220602
0.00071016	221435
0.0007104	221952
0.00071064	221001
0.00071088	221630
0.00071112	221320
0.00071136	222706
0.0007116	222416
0.00071184	223124
0.00071208	220122
0.00071232	224253
0.00071256	222853
0.0007128	222238
0.00071304	222885
0.00071328	223287
0.00071352	220987
0.00071376	222164
0.000714	221783
0.00071424	223879
0.00071448	222167
0.00071472	220659
0.00071496	222695
0.0007152	223841
0.00071544	225328
0.00071568	223766
0.00071592	223394
0.00071616	222890
0.0007164	221928
0.00071664	222922
0.00071688	223897
0.00071712	222558
0.00071736	223274
0.0007176	220935
0.00071784	223779
0.00071808	225126
0.00071832	222689
0.00071856	223547
0.0007188	224736
0.00071904	224802
0.00071928	224533
0.00071952	223133
0.00071976	224827
0.00072	223626
0.00072024	223791
0.00072048	223630
0.00072072	223822
0.00072096	226690
0.0007212	225903
0.00072144	224015
0.00072168	223634
0.00072192	226434
0.00072216	224896
0.0007224	223974
0.00072264	225746
0.00072288	225412
0.00072312	225119
0.00072336	224789
0.0007236	225678
0.00072384	224191
0.00072408	225353
0.00072432	224455
0.00072456	224481
0.0007248	225017
0.00072504	226634
0.00072528	225643
0.00072552	225590
0.00072576	225337
0.000726	224635
0.00072624	225261
0.00072648	226150
0.00072672	227222
0.00072696	226468
0.0007272	224216
0.00072744	226880
0.00072768	225397
0.00072792	227003
0.00072816	226474
0.0007284	226729
0.00072864	227283
0.00072888	225014
0.00072912	225495
0.00072936	226810
0.0007296	227046
0.00072984	225966
0.00073008	225204
0.00073032	226892
0.00073056	227150
0.0007308	226883
0.00073104	225271
0.00073128	225709
0.00073152	228430
0.00073176	228544
0.000732	226345
0.00073224	226940
0.00073248	225272
0.00073272	226842
0.00073296	228266
0.0007332	226209
0.00073344	226367
0.00073368	226253
0.00073392	227774
0.00073416	227365
0.0007344	227715
0.00073464	227304
0.00073488	228086
0.00073512	227969
0.00073536	228957
0.0007356	227767
0.00073584	228202
0.00073608	226858
0.00073632	227927
0.00073656	229218
0.0007368	226856
0.00073704	226457
0.00073728	227796
0.00073752	227339
0.00073776	227384
0.000738	228875
0.00073824	228680
0.00073848	229416
0.00073872	229322
0.00073896	227141
0.0007392	228241
0.00073944	227458
0.00073968	228250
0.00073992	228116
0.00074016	227893
0.0007404	227471
0.00074064	229766
0.00074088	228936
0.00074112	229021
0.00074136	227059
0.0007416	228606
0.00074184	227324
0.00074208	228232
0.00074232	227836
0.00074256	229137
0.0007428	227970
0.00074304	226396
0.00074328	229830
0.00074352	228936
0.00074376	229088
0.000744	228840
0.00074424	228167
0.00074448	227562
0.00074472	229009
0.00074496	228896
0.0007452	228742
0.00074544	229389
0.00074568	227909
0.00074592	229189
0.00074616	229022
0.0007464	227565
0.00074664	228680
0.00074688	229766
0.00074712	230468
0.00074736	228523
0.0007476	227717
0.00074784	229507
0.00074808	228210
0.00074832	227461
0.00074856	229479
0.0007488	230836
0.00074904	230869
0.00074928	232524
0.00074952	230760
0.00074976	230124
