5.2080	
5.2185	
5.2303	
5.2349	
5.2268	
5.2254	
5.2262	
5.2265	
5.2154	
5.2031	
5.2101	
5.2177	
5.2181	
5.2264	
5.2302	
5.2371	
5.2500	
5.2588	
5.2515	
5.2303	
5.2273	
5.2230	
5.2202	
5.2232	
5.2181	
5.2197	
5.2185	
5.2198	
5.2259	
5.2236	
5.2241	
5.2215	
5.2232	
5.2219	
5.2271	
5.2295	
5.2218	
5.2221	
5.2247	
5.2204	
5.2258	
5.2225	
5.2181	
5.2187	
5.2153	
5.2235	
5.2229	
5.2130	
5.2086	
5.1998	
5.1958	
5.1879	
5.1909	
5.1875	
5.1793	
5.1845	
5.1835	
5.1839	
5.1776	
5.1768	
5.1796	
5.1713	
5.1783	
5.1815	
5.1760	
5.1779	
5.1755	
5.1726	
5.1783	
5.1712	
5.1738	
5.1733	
5.1685	
5.1812	
5.1815	
5.1791	
5.1749	
5.1662	
5.1710	
5.1651	
5.1673	
5.1754	
5.1711	
5.1749	
5.1699	
5.1681	
5.1634	
5.1697	
5.1667	
5.1685	
5.1644	
5.1541	
5.1584	
5.1611	
5.1569	
5.1534	
5.1507	
5.1488	
5.1540	
5.1560	
5.1516	
5.1537	
5.1492	
5.1490	
5.1447	
5.1401	
5.1421	
5.1442	
5.1442	
5.1367	
5.1462	
5.1327	
5.1371	
5.1398	
5.1351	
5.1316	
5.1317	
5.1291	
5.1256	
5.1338	
5.1283	
5.1286	
5.1291	
5.1303	
5.1243	
5.1209	
5.1200	
5.1232	
5.1183	
5.1145	
5.1172	
5.1241	
5.1229	
5.1206	
5.1117	
5.1210	
5.1184	
5.1223	
5.1197	
5.1147	
5.1133	
5.1052	
5.1060	
5.1031	
5.0991	
5.1092	
5.1115	
5.1035	
5.0997	
5.0987	
5.1010	
5.0961	
5.0984	
5.0953	
5.0994	
5.0992	
5.0985	
5.1013	
5.1012	
5.1002	
5.0901	
5.0965	
5.1028	
5.1069	
5.0950	
5.0919	
5.0917	
5.0847	
5.0868	
5.0863	
5.0844	
5.0903	
5.0823	
5.0846	
5.0809	
5.0791	
5.0804	
5.0905	
5.0751	
5.0764	
5.0839	
5.0748	
5.0796	
5.0724	
5.0731	
5.0805	
5.0790	
5.0661	
5.0513	
5.0531	
5.0581	
5.0637	
5.0710	
5.0695	
5.0742	
5.0713	
5.0639	
5.0654	
5.0606	
5.0615	
5.0731	
5.0743	
5.0612	
5.0638	
5.0700	
5.0725	
5.0553	
5.0688	
5.0549	
5.0710	
5.0683	
5.0545	
5.0658	
5.0625	
5.0642	
5.0584	
5.0647	
5.0542	
5.0659	
5.0533	
5.0571	
5.0437	
5.0350	
5.0323	
5.0135	
5.0225	
5.0376	
5.0314	
5.0409	
5.0407	
5.0487	
5.0401	
5.0168	
5.0300	
5.0323	
5.0411	
5.0436	
5.0433	
5.0455	
5.0447	
5.0432	
5.0384	
5.0315	
5.0484	
5.0394	
5.0391	
5.0439	
5.0339	
5.0348	
5.0404	
5.0229	
5.0191	
5.0342	
5.0338	
5.0271	
5.0180	
5.0114	
5.0206	
5.0101	
5.0098	
5.0191	
5.0216	
5.0367	
5.0226	
5.0212	
5.0213	
5.0377	
5.0274	
5.0179	
5.0267	
5.0241	
5.0251	
5.0185	
5.0223	
5.0211	
5.0164	
5.0197	
5.0185	
5.0181	
5.0183	
5.0190	
5.0064	
5.0076	
5.0132	
5.0123	
5.0150	
5.0214	
5.0170	
5.0234	
5.0083	
5.0107	
5.0064	
5.0072	
5.0088	
5.0026	
5.0074	
5.0086	
5.0114	
4.9956	
4.9930	
4.9943	
5.0004	
5.0073	
5.0008	
5.0070	
5.0074	
5.0041	
4.9978	
4.9925	
4.9915	
4.9940	
4.9963	
4.9967	
5.0014	
4.9831	
4.9794	
4.9802	
4.9772	
4.9889	
4.9952	
5.0067	
4.9884	
4.9880	
4.9990	
5.0024	
4.9865	
4.9943	
4.9840	
4.9872	
4.9853	
4.9890	
4.9988	
4.9933	
4.9859	
4.9801	
4.9788	
4.9778	
4.9841	
4.9791	
4.9911	
4.9785	
4.9746	
4.9861	
4.9686	
4.9604	
4.9450	
4.9684	
4.9791	
4.9813	
4.9812	
4.9766	
4.9665	
4.9749	
4.9775	
4.9822	
4.9712	
4.9756	
4.9712	
4.9617	
4.9625	
4.9658	
4.9673	
4.9659	
4.9713	
4.9757	
4.9683	
4.9803	
4.9761	
4.9692	
4.9736	
4.9870	
4.9658	
4.9597	
4.9546	
4.9467	
4.9541	
4.9409	
4.9379	
4.9207	
4.9005	
4.9248	
4.9356	
4.9397	
4.9508	
4.9473	
4.9450	
4.9542	
4.9612	
4.9602	
4.9675	
4.9538	
4.9570	
4.9513	
4.9592	
4.9538	
4.9578	
4.9604	
4.9542	
4.9625	
4.9554	
4.9518	
4.9463	
4.9517	
4.9478	
4.9557	
4.9672	
4.9559	
4.9603	
4.9516	
4.9537	
4.9542	
4.9556	
4.9538	
4.9528	
4.9446	
4.9533	
4.9570	
4.9522	
4.9511	
4.9460	
4.9512	
4.9375	
4.9601	
4.9470	
4.9404	
4.9519	
4.9481	
4.9626	
4.9542	
4.9485	
4.9383	
4.9337	
4.9398	
4.9464	
4.9424	
4.9460	
4.9273	
4.9353	
4.9393	
4.9396	
4.9443	
4.9372	
4.9460	
4.9214	
4.9405	
4.9249	
4.9370	
4.9298	
4.9363	
4.9329	
4.9334	
4.9468	
4.9356	
4.9251	
4.9204	
4.9173	
4.9104	
4.8994	
4.9046	
4.9097	
4.9228	
4.9332	
4.9256	
4.9307	
4.9468	
4.9367	
4.9271	
4.9359	
4.9231	
4.9227	
4.9236	
4.9311	
4.9233	
4.9176	
4.9116	
4.8998	
4.9083	
4.9320	
4.9157	
4.9212	
4.9238	
4.9181	
4.9228	
4.9180	
4.9145	
4.9342	
4.9277	
4.9254	
4.9176	
4.9156	
4.9181	
4.9122	
4.9080	
4.9113	
4.9119	
4.9184	
4.9250	
4.9066	
4.9101	
4.9047	
4.8970	
4.8984	
4.8859	
4.8613	
4.8353	
4.8414	
4.8707	
4.8961	
4.9174	
4.9005	
4.9031	
4.8975	
4.9059	
4.9015	
4.8967	
4.9145	
4.8989	
4.9026	
4.9000	
4.9095	
4.9097	
4.9034	
4.9124	
4.9093	
4.9087	
4.9015	
4.9047	
4.9129	
4.9106	
4.9057	
4.9142	
4.9071	
4.9013	
4.8976	
4.8945	
4.9037	
4.9135	
4.8996	
4.9030	
4.9084	
4.9070	
4.8936	
4.9000	
4.8845	
4.8731	
4.8841	
4.8983	
4.8936	
4.8925	
4.9046	
4.8951	
4.8926	
4.8945	
4.8932	
4.8809	
4.8841	
4.8946	
4.8906	
4.8933	
4.8934	
4.8886	
4.8957	
4.8897	
4.9021	
4.8811	
4.8926	
4.8939	
4.8883	
4.8945	
4.8951	
4.8811	
4.8826	
4.8798	
4.8903	
4.8989	
4.8977	
4.8961	
4.8859	
4.8886	
4.8910	
4.8844	
4.8713	
4.8524	
4.8426	
4.8525	
4.8685	
4.8672	
4.8667	
4.8642	
4.8786	
4.8717	
4.8877	
4.8764	
4.8813	
4.8839	
4.8798	
4.8650	
4.8635	
4.8657	
4.8629	
4.8632	
4.8729	
4.8737	
4.8833	
4.8874	
4.8843	
4.8568	
4.8683	
4.8656	
4.8444	
4.8533	
4.8505	
4.8550	
4.8603	
4.8846	
4.8771	
4.8800	
4.8713	
4.8751	
4.8855	
4.8678	
4.8791	
4.8802	
4.8722	
4.8750	
4.8640	
4.8758	
4.8737	
4.8734	
4.8650	
4.8746	
4.8795	
4.8853	
4.8627	
4.8767	
4.8793	
4.8740	
4.8854	
4.8798	
4.8685	
4.8725	
4.8696	
4.8693	
4.8562	
4.8567	
4.8614	
4.8427	
4.8423	
4.8648	
4.8606	
4.8534	
4.8155	
4.7716	
4.7821	
4.7958	
4.8249	
4.8365	
4.8469	
4.8399	
4.8572	
4.8605	
4.8637	
4.8669	
4.8602	
4.8498	
4.8578	
4.8627	
4.8475	
4.8558	
4.8636	
4.8475	
4.8591	
4.8605	
4.8427	
4.8342	
4.8485	
4.8599	
4.8563	
4.8458	
4.8560	
4.8528	
4.8499	
4.8301	
4.8251	
4.8185	
4.8283	
4.8297	
4.8547	
4.8575	
4.8561	
4.8681	
4.8434	
4.8527	
4.8493	
4.8500	
4.8521	
4.8528	
4.8558	
4.8521	
4.8487	
4.8521	
4.8098	
4.8284	
4.8085	
4.8210	
4.8293	
4.8415	
4.8466	
4.8419	
4.8428	
4.8572	
4.8545	
4.8459	
4.8516	
4.8526	
4.8504	
4.8449	
4.8262	
4.8193	
4.8051	
4.8205	
4.8229	
4.8453	
4.8242	
4.8373	
4.8295	
4.8320	
4.8415	
4.8346	
4.8494	
4.8552	
4.8481	
4.8467	
4.8315	
4.8242	
4.8220	
4.8308	
4.8339	
4.8289	
4.8237	
4.8512	
4.8455	
4.8427	
4.8410	
4.8259	
4.8361	
4.8416	
4.8439	
4.8415	
4.8315	
4.8369	
4.8493	
4.8382	
4.8357	
4.8421	
4.8296	
4.8344	
4.8200	
4.8364	
4.8383	
4.8329	
4.8454	
4.8312	
4.8338	
4.8535	
4.8444	
4.8377	
4.8343	
4.8219	
4.8280	
4.8402	
4.8236	
4.8250	
4.8194	
4.8110	
4.8174	
4.8110	
4.8337	
4.8315	
4.8305	
4.8317	
4.8246	
4.8313	
4.8208	
4.8277	
4.8182	
4.8200	
4.8076	
4.8205	
4.8367	
4.8219	
4.8246	
4.8262	
4.8147	
4.8207	
4.8237	
4.8267	
4.8208	
4.8141	
4.7954	
4.7893	
4.7922	
4.7879	
4.7755	
4.7354	
4.6284	
4.5565	
4.5146	
4.5379	
4.6141	
4.7044	
4.7590	
4.7574	
4.7683	
4.7880	
4.7998	
4.7877	
4.8007	
4.8048	
4.8002	
4.8130	
4.7950	
4.8075	
4.8132	
4.8054	
4.8045	
4.8122	
4.8152	
4.8199	
4.8113	
4.8060	
4.8140	
4.8022	
4.8128	
4.8055	
4.8098	
4.8059	
4.8190	
4.8148	
4.8052	
4.8046	
4.8019	
4.8007	
4.8034	
4.7898	
4.8127	
4.8013	
4.7928	
4.8039	
4.8108	
4.8040	
4.8004	
4.8106	
4.8079	
4.8180	
4.8140	
4.8084	
4.7954	
4.7961	
4.8042	
4.7994	
4.8097	
4.7965	
4.7975	
4.8066	
4.7822	
4.7757	
4.7967	
4.7775	
4.7909	
4.7911	
4.7904	
4.7852	
4.8057	
4.7923	
4.7887	
4.7811	
4.7901	
4.7795	
4.7909	
4.8010	
4.7938	
4.7858	
4.7894	
4.7806	
4.7862	
4.7774	
4.7656	
4.7807	
4.7640	
4.7724	
4.7768	
4.7794	
4.7808	
4.7767	
4.7835	
4.7743	
4.7672	
4.7651	
4.7736	
4.7809	
4.7781	
4.7717	
4.7806	
4.7849	
4.7792	
4.7622	
4.7714	
4.7564	
4.7717	
4.7656	
4.7645	
4.7735	
4.7619	
4.7604	
4.7397	
4.7553	
4.7484	
4.7644	
4.7563	
4.7648	
4.7673	
4.7632	
4.7812	
4.7813	
4.7727	
4.7823	
4.7725	
4.7674	
4.7479	
4.7622	
4.7665	
4.7823	
4.7753	
4.7718	
4.7669	
4.7591	
4.7669	
4.7505	
4.7545	
4.7643	
4.7427	
4.7445	
4.7545	
4.7466	
4.7315	
4.7413	
4.7135	
4.6785	
4.6636	
4.6351	
4.6421	
4.6864	
4.6961	
4.7235	
4.7224	
4.7324	
4.7242	
4.7441	
4.7459	
4.7520	
4.7517	
4.7465	
4.7483	
4.7382	
4.7291	
4.7417	
4.7382	
4.7425	
4.7214	
4.7518	
4.7342	
4.7421	
4.7428	
4.7380	
4.7459	
4.7487	
4.7496	
4.7483	
4.7568	
4.7482	
4.7380	
4.7325	
4.7553	
4.7619	
4.7263	
4.7208	
4.7442	
4.7338	
4.7286	
4.7107	
4.7097	
4.7126	
4.7170	
4.7290	
4.7293	
4.7164	
4.7218	
4.7071	
4.7261	
4.7254	
4.7229	
4.7200	
4.7073	
4.7080	
4.6938	
4.6884	
4.6718	
4.6638	
4.6728	
4.6895	
4.6935	
4.7021	
4.6751	
4.6676	
4.6571	
4.6746	
4.6853	
4.6967	
4.7159	
4.6997	
4.7105	
4.7076	
4.6943	
4.7199	
4.7175	
4.7069	
4.7106	
4.7166	
4.7138	
4.7103	
4.7176	
4.7205	
4.7268	
4.7217	
4.7123	
4.6864	
4.6960	
4.6794	
4.6223	
4.5845	
4.5835	
4.5817	
4.6022	
4.6334	
4.6502	
4.6650	
4.6895	
4.6802	
4.6863	
4.6884	
4.7080	
4.7009	
4.7026	
4.7065	
4.7005	
4.7023	
4.7021	
4.7224	
4.7064	
4.6998	
4.6908	
4.6781	
4.6803	
4.6770	
4.6956	
4.6809	
4.7080	
4.6811	
4.6953	
4.7053	
4.6967	
4.6918	
4.6928	
4.6827	
4.6971	
4.6753	
4.7055	
4.6783	
4.7068	
4.6894	
4.6966	
4.7043	
4.6890	
4.6910	
4.7046	
4.6773	
4.7033	
4.7082	
4.6872	
4.6943	
4.6972	
4.6717	
4.6359	
4.6264	
4.6088	
4.5872	
4.6006	
4.5978	
4.5960	
4.6255	
4.6273	
4.6411	
4.6561	
4.6706	
4.6638	
4.6754	
4.6907	
4.6892	
4.6770	
4.6814	
4.6696	
4.6812	
4.6910	
4.6850	
4.6828	
4.6713	
4.6818	
4.6706	
4.6842	
4.6833	
4.6882	
4.6812	
4.6681	
4.6842	
4.6892	
4.6907	
4.6753	
4.6760	
4.6666	
4.6799	
4.6839	
4.6775	
4.6819	
4.6725	
4.6911	
4.6920	
4.6697	
4.6752	
4.6711	
4.6756	
4.6735	
4.6783	
4.6745	
4.6771	
4.6668	
4.6798	
4.6851	
4.6698	
4.6611	
4.6609	
4.6655	
4.6812	
4.6693	
4.6737	
4.6716	
4.6699	
4.6649	
4.6715	
4.6594	
4.6696	
4.6511	
4.6589	
4.6455	
4.6513	
4.6492	
4.6616	
4.6599	
4.6458	
4.6519	
4.6570	
4.6475	
4.6675	
4.6526	
4.6489	
4.6497	
4.6486	
4.6469	
4.6494	
4.6695	
4.6465	
4.6593	
4.6715	
4.6681	
4.6510	
4.6670	
4.6587	
4.6520	
4.6570	
4.6624	
4.6532	
4.6563	
4.6565	
4.6422	
4.6183	
4.6208	
4.6224	
4.6237	
4.6064	
4.6125	
4.6164	
4.6169	
4.6241	
4.6522	
4.6305	
4.6403	
4.6398	
4.6494	
4.6499	
4.6530	
4.6542	
4.6486	
4.6564	
4.6542	
4.6730	
4.6468	
4.6672	
4.6685	
4.6784	
4.6848	
4.6546	
4.6423	
4.6432	
4.6493	
4.6297	
4.6326	
4.6267	
4.6220	
4.6272	
4.6286	
4.6269	
4.6345	
4.6349	
4.6257	
4.6303	
4.6113	
4.6097	
4.6009	
4.6108	
4.6141	
4.6011	
4.6094	
4.6220	
4.6290	
4.6316	
4.6306	
4.6316	
4.6186	
4.6268	
4.6367	
4.6295	
4.6312	
4.6495	
4.6416	
4.6234	
4.6209	
4.6140	
4.6129	
4.6007	
4.6021	
4.5705	
4.5450	
4.4986	
4.4313	
4.3537	
4.3217	
4.2667	
4.2456	
4.2851	
4.2997	
4.3720	
4.4039	
4.4662	
4.5015	
4.5053	
4.5443	
4.5570	
4.5660	
4.5893	
4.5807	
4.5904	
4.5829	
4.5920	
4.5907	
4.5979	
4.6144	
4.6045	
4.6069	
4.6037	
4.6095	
4.6052	
4.6072	
4.6168	
4.6107	
4.5891	
4.6087	
4.5965	
4.6110	
4.6102	
4.6123	
4.6128	
4.6028	
4.6062	
4.6048	
4.6166	
4.6369	
4.6135	
4.6179	
4.6015	
4.6055	
4.5965	
4.5928	
4.6067	
4.6032	
4.6123	
4.6091	
4.5945	
4.5997	
4.6123	
4.6014	
4.6061	
4.6079	
4.5977	
4.5876	
4.5800	
4.5631	
4.5768	
4.5635	
4.5437	
4.5130	
4.4759	
4.4624	
4.4544	
4.4756	
4.5030	
4.4980	
4.5087	
4.5168	
4.5292	
4.5371	
4.5469	
4.5254	
4.5272	
4.5172	
4.5256	
4.5319	
4.5361	
4.5645	
4.5441	
4.5526	
4.5748	
4.5659	
4.5534	
4.5503	
4.5693	
4.5565	
4.5739	
4.5788	
4.5711	
4.5866	
4.5850	
4.5937	
4.5819	
4.5749	
4.5804	
4.5810	
4.5706	
4.5776	
4.5762	
4.5657	
4.5859	
4.5676	
4.5773	
4.5853	
4.5883	
4.5779	
4.5675	
4.5845	
4.5794	
4.5704	
4.5647	
4.5742	
4.5811	
4.5821	
4.5785	
4.5615	
4.5786	
4.5598	
4.5577	
4.5676	
4.5690	
4.5728	
4.5697	
4.5483	
4.5472	
4.5590	
4.5540	
4.5589	
4.5548	
4.5546	
4.5420	
4.5521	
4.5515	
4.5454	
4.5492	
4.5613	
4.5671	
4.5671	
4.5594	
4.5612	
4.5601	
4.5581	
4.5549	
4.5563	
4.5465	
4.5463	
4.5477	
4.5458	
4.5521	
4.5551	
4.5554	
4.5558	
4.5281	
4.5427	
4.5638	
4.5357	
4.5510	
4.5593	
4.5430	
4.5459	
4.5369	
4.5387	
4.5503	
4.5448	
4.5344	
4.5546	
4.5635	
4.5403	
4.5348	
4.5352	
4.5465	
4.5329	
4.5455	
4.5235	
4.5318	
4.5235	
4.5157	
4.5391	
4.5231	
4.5094	
4.4963	
4.4930	
4.4935	
4.4731	
4.4954	
4.5114	
4.5100	
4.5299	
4.5090	
4.5053	
4.5139	
4.5225	
4.5216	
4.5197	
4.5241	
4.5301	
4.5290	
4.5273	
4.5109	
4.5232	
4.5246	
4.5151	
4.5197	
4.5340	
4.5354	
4.5158	
4.5095	
4.5244	
4.5181	
4.5169	
4.5087	
4.5146	
4.5193	
4.5162	
4.5086	
4.5062	
4.5299	
4.5066	
4.4916	
4.5103	
4.5130	
4.5017	
4.5010	
4.5035	
4.5112	
4.5013	
4.4918	
4.4984	
4.4893	
4.5105	
4.4739	
4.4828	
4.4729	
4.4577	
4.4504	
4.4590	
4.4457	
4.4367	
4.4521	
4.4566	
4.4446	
4.4522	
4.4631	
4.4709	
4.4645	
4.4545	
4.4531	
4.4762	
4.4681	
4.4728	
4.4779	
4.4583	
4.4750	
4.4720	
4.4710	
4.4864	
4.4755	
4.4833	
4.4618	
4.4796	
4.4570	
4.4726	
4.4759	
4.4889	
4.4559	
4.4400	
4.4336	
4.4226	
4.4071	
4.3866	
4.3628	
4.3174	
4.2717	
4.2275	
4.1825	
4.1186	
4.0639	
4.0237	
3.9989	
3.9927	
4.0147	
4.0220	
4.0496	
4.1004	
4.1420	
4.1914	
4.2509	
4.2820	
4.2884	
4.3138	
4.3472	
4.3754	
4.3874	
4.4008	
4.3954	
4.4118	
4.4130	
4.4330	
4.4355	
4.4266	
4.4284	
4.4179	
4.4393	
4.4321	
4.4219	
4.4340	
4.4362	
4.4291	
4.4437	
4.4376	
4.4239	
4.4336	
4.4311	
4.4418	
4.4419	
4.4333	
4.4321	
4.4261	
4.3920	
4.3942	
4.3729	
4.3625	
4.3253	
4.2995	
4.2664	
4.2264	
4.1952	
4.1825	
4.1898	
4.1736	
4.1660	
4.2032	
4.2082	
4.2341	
4.2544	
4.2676	
4.2666	
4.2550	
4.2657	
4.2508	
4.2350	
4.2101	
4.1611	
4.1428	
4.1130	
4.0825	
4.0773	
4.0891	
4.0928	
4.1072	
4.1350	
4.1758	
4.2076	
4.2353	
4.2490	
4.2910	
4.3288	
4.3299	
4.3450	
4.3557	
4.3575	
4.3717	
4.3731	
4.3947	
4.3771	
4.3555	
4.3843	
4.3519	
4.3386	
4.3424	
4.3279	
4.3222	
4.3281	
4.3206	
4.3186	
4.3107	
4.3323	
4.3436	
4.3581	
4.3694	
4.3680	
4.3818	
4.3864	
4.3920	
4.3820	
4.3999	
4.4146	
4.3974	
4.4042	
4.4205	
4.4117	
4.4251	
4.4293	
4.4270	
4.4256	
4.4241	
4.4396	
4.4343	
4.4216	
4.4281	
4.4319	
4.4158	
4.4260	
4.4287	
4.4306	
4.4188	
4.4341	
4.4197	
4.4401	
4.4254	
4.4140	
4.4179	
4.4412	
4.4349	
4.4303	
4.4373	
4.4258	
4.4295	
4.4409	
4.4440	
4.4411	
4.4109	
4.4317	
4.4341	
4.4317	
4.4447	
4.4229	
4.4248	
4.4353	
4.4325	
4.4256	
4.4435	
4.4208	
4.4252	
4.4176	
4.4316	
4.4312	
4.4457	
4.4313	
4.4325	
4.4238	
4.4251	
4.4248	
4.4125	
4.4278	
4.4325	
4.4261	
4.4317	
4.4267	
4.4273	
4.4299	
4.4087	
4.4292	
4.4142	
4.4419	
4.4053	
4.4143	
4.4192	
4.4255	
4.4223	
4.4248	
4.4190	
4.4210	
4.3960	
4.3967	
4.4001	
4.4135	
4.4131	
4.4074	
4.4107	
4.3946	
4.3993	
4.3920	
4.3996	
4.4184	
4.4073	
4.4040	
4.3995	
4.4057	
4.4086	
4.4142	
4.4013	
4.4174	
4.4096	
4.4012	
4.3998	
4.3905	
4.3912	
4.3952	
4.4105	
4.4102	
4.4006	
4.3945	
4.3902	
4.3927	
4.3911	
4.3822	
4.3946	
4.3941	
4.3871	
4.3842	
4.3939	
4.3632	
4.3517	
4.3540	
4.3597	
4.3282	
4.3253	
4.3217	
4.2920	
4.2564	
4.1935	
4.1738	
4.1316	
4.0852	
4.0336	
3.9903	
3.9534	
3.9386	
3.9220	
3.9269	
3.9304	
3.9522	
3.9899	
4.0074	
4.0294	
4.0754	
4.1049	
4.1397	
4.1786	
4.2136	
4.2290	
4.2435	
4.2838	
4.2732	
4.3081	
4.3223	
4.3100	
4.3433	
4.3200	
4.3408	
4.3499	
4.3508	
4.3498	
4.3466	
4.3551	
4.3548	
4.3795	
4.3477	
4.3637	
4.3800	
4.3750	
4.3860	
4.3831	
4.3881	
4.3786	
4.3687	
4.3915	
4.3909	
4.3959	
4.3937	
4.4008	
4.3795	
4.3951	
4.3991	
4.3918	
4.4029	
4.4027	
4.3929	
4.3962	
4.3836	
4.3962	
4.3752	
4.3886	
4.3933	
4.4013	
4.4013	
4.4038	
4.4158	
4.4071	
4.3915	
4.4084	
4.4042	
4.3710	
4.3855	
4.3965	
4.3912	
4.3969	
4.3981	
4.3945	
4.3799	
4.3891	
4.3837	
4.4006	
4.3940	
4.3782	
4.3813	
4.3882	
4.3851	
4.3976	
4.4015	
4.3980	
4.4025	
4.4050	
4.3964	
4.3952	
4.3822	
4.3943	
4.3769	
4.3993	
4.3968	
4.3957	
4.3916	
4.4145	
4.4110	
4.4078	
4.4016	
4.4152	
4.4118	
4.3934	
4.3874	
4.3885	
4.4003	
4.4016	
4.4162	
4.3876	
4.4003	
4.3942	
4.3872	
4.4011	
4.4038	
4.4043	
4.3952	
4.3938	
4.3755	
4.3771	
4.3958	
4.4019	
4.4009	
4.3882	
4.3901	
4.3972	
4.3801	
4.3721	
4.3865	
4.3793	
4.3678	
4.3707	
4.3606	
4.3622	
4.3444	
4.3415	
4.3356	
4.3334	
4.3255	
4.3215	
4.3220	
4.3026	
4.3012	
4.3135	
4.2909	
4.2955	
4.3012	
4.3139	
4.3228	
4.3425	
4.3369	
4.3492	
4.3443	
4.3587	
4.3588	
4.3692	
4.3559	
4.3620	
4.3525	
4.3681	
4.3652	
4.3790	
4.3760	
4.3633	
4.3826	
4.3766	
4.3686	
4.3826	
4.3851	
4.3777	
4.4145	
4.3947	
4.3916	
4.3972	
4.3863	
4.3895	
4.3936	
4.3836	
4.4119	
4.3768	
4.3844	
4.4073	
4.3931	
4.3895	
4.3926	
4.3875	
4.3865	
4.3908	
4.3898	
4.4029	
4.3877	
4.4007	
4.4104	
4.3932	
4.3959	
4.4026	
4.3993	
4.3996	
4.3928	
4.3893	
4.3877	
4.3962	
4.3924	
4.3904	
4.3975	
4.4055	
4.3930	
4.3903	
4.3977	
4.3970	
4.3954	
4.3778	
4.4050	
4.4111	
4.3869	
4.3938	
4.4124	
4.4078	
4.3971	
4.3924	
4.3883	
4.3915	
4.3961	
4.3922	
4.3894	
4.3901	
4.3882	
4.3961	
4.3963	
4.3891	
4.3913	
4.3894	
4.4035	
4.3996	
4.3876	
4.3922	
4.4031	
4.3930	
4.3856	
4.3984	
4.4013	
4.4099	
4.3802	
4.3991	
4.4005	
4.4045	
4.3943	
4.3760	
4.4045	
4.3982	
4.3936	
4.3997	
4.3970	
4.3948	
4.3936	
4.3841	
4.3760	
4.4009	
4.3956	
4.3922	
4.3936	
4.3752	
4.3911	
4.4023	
4.3966	
4.3765	
4.3751	
4.3910	
4.3988	
4.3927	
4.3855	
4.4051	
4.3958	
4.3884	
4.4021	
4.3982	
4.3935	
4.3913	
4.3872	
4.3972	
4.3951	
4.3859	
4.3887	
4.3982	
4.3823	
4.3844	
4.3820	
4.3928	
4.3828	
4.3948	
4.3914	
4.3694	
4.3781	
4.3839	
4.3812	
4.3913	
4.3941	
4.3698	
4.3756	
4.3822	
4.3869	
4.3920	
4.3851	
4.3889	
4.3862	
4.3871	
4.3698	
4.3836	
4.3774	
4.3911	
4.3957	
4.3877	
4.3799	
4.3824	
4.3759	
4.3641	
4.3774	
4.3774	
4.3813	
4.3827	
4.3839	
4.3851	
4.3732	
4.3849	
4.3730	
4.3852	
4.3681	
4.3703	
4.3523	
4.3571	
4.3506	
4.3510	
4.3453	
4.3346	
4.3473	
4.3371	
4.3363	
4.3414	
4.3289	
4.3298	
4.3338	
4.3150	
4.3370	
4.3280	
4.3436	
4.3446	
4.3490	
4.3427	
4.3495	
4.3564	
4.3611	
4.3534	
4.3626	
4.3658	
4.3681	
4.3653	
4.3792	
4.3655	
4.3813	
4.3753	
4.3723	
4.3818	
4.3794	
4.3775	
4.3719	
4.3685	
4.3773	
4.3683	
4.3758	
4.3666	
4.3665	
4.3763	
4.3579	
4.3462	
4.3606	
4.3483	
4.3692	
4.3625	
4.3598	
4.3572	
4.3606	
4.3444	
4.3609	
4.3556	
4.3632	
4.3567	
4.3498	
4.3726	
4.3735	
4.3806	
4.3696	
4.3852	
4.3740	
4.3671	
4.3826	
4.3776	
4.3657	
4.3708	
4.3779	
4.3759	
4.3783	
4.3780	
4.3898	
4.3806	
4.3698	
4.3726	
4.3828	
4.3749	
4.3824	
4.3875	
4.3957	
4.3820	
4.3793	
4.3923	
4.4003	
4.3798	
4.3901	
4.3948	
4.3934	
4.3789	
4.3781	
4.3823	
4.3812	
4.3799	
4.3757	
4.3914	
4.3971	
4.4020	
4.3963	
4.4026	
4.3922	
4.3840	
4.3841	
4.3884	
4.3864	
4.3886	
4.3702	
4.3721	
4.3815	
4.3816	
4.3997	
4.3880	
4.3972	
4.3810	
4.3932	
4.3976	
4.3931	
4.3833	
4.3862	
4.3863	
4.3821	
4.3749	
4.3853	
4.3949	
4.4005	
4.3860	
4.3928	
4.3922	
4.3811	
4.3858	
4.3973	
4.3908	
4.3998	
4.3824	
4.3746	
4.3838	
4.3916	
4.3975	
4.3802	
4.3798	
4.3758	
4.3921	
4.3895	
4.3835	
4.3808	
4.3851	
4.3945	
4.4057	
4.3877	
4.3779	
4.3862	
4.3852	
4.3846	
4.3766	
4.3651	
4.3965	
4.3976	
4.3889	
4.3808	
4.3984	
4.3973	
4.3774	
4.3799	
4.3876	
4.3751	
4.3710	
4.4056	
4.3789	
4.3799	
4.3729	
4.3891	
4.3841	
4.3798	
4.4004	
4.3786	
4.3774	
4.3760	
4.3959	
4.3835	
4.3868	
4.3724	
4.3739	
4.3811	
4.3770	
4.3789	
4.3809	
4.3744	
4.3870	
4.3868	
4.3836	
4.3930	
4.3844	
4.3876	
4.3722	
4.3795	
4.3753	
4.3716	
4.3710	
4.3795	
4.3712	
4.3638	
4.3679	
4.3730	
4.3748	
4.3670	
4.3690	
4.3798	
4.3792	
4.3744	
4.3820	
4.3631	
4.3746	
4.3791	
4.3687	
4.3719	
4.3796	
4.3657	
4.3755	
4.3747	
4.3793	
4.3783	
4.3699	
4.3774	
4.3689	
4.3617	
4.3638	
4.3632	
4.3769	
4.3843	
4.3611	
4.3606	
4.3791	
4.3812	
4.3914	
4.3791	
4.3762	
4.3782	
4.3637	
4.3821	
4.3766	
4.3764	
4.3739	
4.3866	
4.3805	
4.3919	
4.3729	
4.3764	
4.3835	
4.3789	
4.3844	
4.3728	
4.3794	
4.3756	
4.3783	
4.3858	
4.3856	
4.3892	
4.3734	
4.3834	
4.3695	
4.3792	
4.3781	
4.3958	
4.3926	
4.3881	
4.3804	
4.3848	
4.3776	
4.3833	
4.3841	
4.3718	
4.3894	
4.3900	
4.3922	
4.3795	
4.3790	
4.3826	
4.3756	
4.3631	
4.3703	
4.3760	
4.3672	
4.3822	
4.3831	
4.3770	
4.3926	
4.3897	
4.3753	
4.3772	
4.3658	
4.3773	
4.3774	
4.3817	
4.3868	
4.3882	
4.3958	
4.3790	
4.3952	
4.3824	
4.3791	
4.3766	
4.3712	
4.3756	
4.3768	
4.3827	
4.3673	
4.3926	
4.3975	
4.3835	
4.3689	
4.3876	
4.3774	
4.3837	
4.3782	
4.3837	
4.3809	
4.3729	
4.3829	
4.3821	
4.3879	
4.3770	
4.3794	
4.3882	
4.3725	
4.3824	
4.3790	
4.3913	
4.3865	
4.3775	
4.3704	
4.3712	
4.3794	
4.3819	
4.3802	
4.3857	
4.3872	
4.3723	
4.3757	
4.3643	
4.3747	
4.3715	
4.3759	
4.3769	
4.3806	
4.3788	
4.3878	
4.4036	
4.3995	
4.4021	
4.3860	
4.3791	
4.3888	
4.3766	
4.3674	
4.3841	
4.3835	
4.3829	
4.3859	
4.3710	
4.3754	
4.3841	
4.3998	
4.3771	
4.3852	
4.3897	
4.3831	
4.3810	
4.3902	
4.3770	
4.3798	
4.3744	
4.3894	
4.3583	
4.3823	
4.3765	
4.3897	
4.3762	
4.3959	
4.3779	
4.3762	
4.3835	
4.3780	
4.3619	
4.3781	
4.4001	
4.3884	
4.3734	
4.3765	
4.3756	
4.3758	
4.3894	
4.3793	
4.3929	
4.3761	
4.3794	
4.3799	
4.3692	
4.3748	
4.3834	
4.3686	
4.3616	
4.3653	
4.3576	
4.3899	
4.3953	
4.3746	
4.3689	
4.3756	
4.3831	
4.3823	
4.3987	
4.3945	
4.3946	
4.3917	
4.3625	
4.3816	
4.3893	
4.3646	
4.3772	
4.3859	
4.3872	
4.3800	
4.3715	
4.3767	
4.3974	
4.3647	
4.3690	
4.3767	
4.3699	
4.3960	
4.3702	
4.3725	
4.3653	
4.3670	
4.3717	
4.3959	
4.3872	
4.3837	
4.3937	
4.3903	
4.3929	
4.3962	
4.3670	
4.3646	
4.3859	
4.3877	
4.3780	
4.3857	
4.3819	
4.3679	
4.3566	
4.3717	
4.3712	
4.3933	
4.3741	
4.3694	
4.3801	
4.3659	
4.3793	
4.3681	
4.3774	
4.3818	
4.3749	
4.3854	
4.3899	
4.3923	
4.3781	
4.3740	
4.3714	
4.3720	
4.3961	
4.3787	
4.3920	
4.3535	
4.3789	
4.3777	
4.3924	
4.4006	
4.3731	
4.3849	
4.3740	
4.3777	
4.3753	
4.3858	
4.3757	
4.3654	
4.3741	
4.3734	
4.3696	
4.3689	
4.3524	
4.3730	
4.3721	
4.3794	
4.3637	
4.3702	
4.3730	
4.3709	
4.3732	
4.3486	
4.3557	
4.3586	
4.3619	
4.3576	
4.3490	
4.3433	
4.3450	
4.3659	
4.3354	
4.3371	
4.3169	
4.3243	
4.3407	
4.3154	
4.3109	
4.3290	
4.3000	
4.2989	
4.2817	
4.2956	
4.2883	
4.2828	
4.2822	
4.2725	
4.2727	
4.2688	
4.2401	
4.2458	
4.2555	
4.2490	
4.2334	
4.2503	
4.2448	
4.2405	
4.2462	
4.2503	
4.2356	
4.2767	
4.2587	
4.2705	
4.2560	
4.2796	
4.2918	
4.2961	
4.2774	
4.2927	
4.3056	
4.2954	
4.3264	
4.3041	
4.3022	
4.3022	
4.3145	
4.3257	
4.3295	
4.3287	
4.3337	
4.3291	
4.3384	
4.3454	
4.3409	
4.3446	
4.3529	
4.3464	
4.3414	
4.3508	
4.3386	
4.3685	
4.3609	
4.3611	
4.3668	
4.3589	
4.3693	
4.3656	
4.3644	
4.3782	
4.3780	
4.3586	
4.3435	
4.3585	
4.3750	
4.3670	
4.3658	
4.3649	
4.3824	
4.3641	
4.3776	
4.3836	
4.3667	
4.3796	
4.3836	
4.3764	
4.3717	
4.3706	
4.3744	
4.3641	
4.3821	
4.3687	
4.3832	
4.3934	
4.3698	
4.3742	
4.3847	
4.3758	
4.3772	
4.3688	
4.3955	
4.3880	
4.3911	
4.3883	
4.3759	
4.3772	
4.3721	
4.3733	
4.3683	
4.3659	
4.3825	
4.3774	
4.3699	
4.3894	
4.3855	
4.3832	
4.3727	
4.3720	
4.3929	
4.3824	
4.3972	
4.3779	
4.3772	
4.3742	
4.3926	
4.3794	
4.3732	
4.3757	
4.3972	
4.3860	
4.3820	
4.3664	
4.3648	
4.3667	
4.3748	
4.3667	
4.3797	
4.3628	
4.3804	
4.3732	
4.3787	
4.3896	
4.3805	
4.3733	
4.3787	
4.3891	
4.3870	
4.3657	
4.3801	
4.3822	
4.3818	
4.3721	
4.3713	
4.3735	
4.3776	
4.3924	
4.3843	
4.3751	
4.3746	
4.3836	
4.3919	
4.3808	
4.3601	
4.3691	
4.3817	
4.3828	
4.3717	
4.3761	
4.3709	
4.3682	
4.3910	
4.3710	
4.3885	
4.3685	
4.3701	
4.3759	
4.3811	
4.3757	
4.3761	
4.3797	
4.3662	
4.3665	
4.3623	
4.2067	
