9.6e-007	30884243
1.12e-006	30155367
1.28e-006	28667762
1.44e-006	27844764
1.6e-006	28886542
1.76e-006	30619869
1.92e-006	31317138
2.08e-006	31160250
2.24e-006	30737849
2.4e-006	30329874
2.56e-006	29861028
2.72e-006	29386388
2.88e-006	28796510
3.04e-006	28093615
3.2e-006	27090727
3.36e-006	25967283
3.52e-006	24972677
3.68e-006	24818783
3.84e-006	25803917
4e-006	27370452
4.16e-006	28366246
4.32e-006	28470666
4.48e-006	28158552
4.64e-006	27718245
4.8e-006	27337119
4.96e-006	26938370
5.12e-006	26614780
5.28e-006	26285433
5.44e-006	25959745
5.6e-006	25714681
5.76e-006	25499262
5.92e-006	25197025
6.08e-006	24945139
6.24e-006	24732469
6.4e-006	24508587
6.56e-006	24307489
6.72e-006	23976603
6.88e-006	23747271
7.04e-006	23543992
7.2e-006	23332771
7.36e-006	23050517
7.52e-006	22850543
7.68e-006	22634087
7.84e-006	22430769
8e-006	22148907
8.16e-006	21965007
8.32e-006	21802927
8.48e-006	21626731
8.64e-006	21373034
8.8e-006	21179059
8.96e-006	21012537
9.12e-006	20841183
9.28e-006	20562422
9.44e-006	20350788
9.6e-006	20195542
9.76e-006	20007467
9.92e-006	19888192
1.008e-005	19787135
1.024e-005	19647346
1.04e-005	19501495
1.056e-005	19277352
1.072e-005	19080519
1.088e-005	18920213
1.104e-005	18743687
1.12e-005	18578419
1.136e-005	18406755
1.152e-005	18284615
1.168e-005	18167793
1.184e-005	17930121
1.2e-005	17516613
1.216e-005	17024454
1.232e-005	16857860
1.248e-005	17154734
1.264e-005	17278583
1.28e-005	17232820
1.296e-005	17159542
1.312e-005	16981213
1.328e-005	16882147
1.344e-005	16748771
1.36e-005	16657153
1.376e-005	16557911
1.392e-005	16384105
1.408e-005	16266766
1.424e-005	16150331
1.44e-005	16099032
1.456e-005	15973936
1.472e-005	15840613
1.488e-005	15728805
1.504e-005	15620622
1.52e-005	15482242
1.536e-005	15379868
1.552e-005	15321676
1.568e-005	15249923
1.584e-005	15119579
1.6e-005	14999810
1.616e-005	14925073
1.632e-005	14854375
1.648e-005	14742454
1.664e-005	14589433
1.68e-005	14510192
1.696e-005	14434689
1.712e-005	14318252
1.728e-005	14222239
1.744e-005	14167608
1.76e-005	14095774
1.776e-005	14034885
1.792e-005	13927626
1.808e-005	13868947
1.824e-005	13815196
1.84e-005	13720631
1.856e-005	13647623
1.872e-005	13547191
1.888e-005	13445356
1.904e-005	13355480
1.92e-005	13282975
1.936e-005	13191605
1.952e-005	13096467
1.968e-005	13013884
1.984e-005	12943233
2e-005	12875947
2.016e-005	12750975
2.032e-005	12611672
2.048e-005	12512615
2.064e-005	12424720
2.08e-005	12360537
2.096e-005	12328508
2.112e-005	12263912
2.128e-005	12215942
2.144e-005	12185644
2.16e-005	12137476
2.176e-005	12078958
2.192e-005	12012391
2.208e-005	11976580
2.224e-005	11972901
2.24e-005	11961425
2.256e-005	11899977
2.272e-005	11781401
2.288e-005	11674957
2.304e-005	11580633
2.32e-005	11548620
2.336e-005	11465071
2.352e-005	11419279
2.368e-005	11343104
2.384e-005	11281809
2.4e-005	11213554
2.416e-005	11154201
2.432e-005	11079819
2.448e-005	11002984
2.464e-005	10966660
2.48e-005	10909797
2.496e-005	10857350
2.512e-005	10809329
2.528e-005	10765772
2.544e-005	10722389
2.56e-005	10663925
2.576e-005	10637258
2.592e-005	10565587
2.608e-005	10505927
2.624e-005	10472569
2.64e-005	10430164
2.656e-005	10379464
2.672e-005	10320432
2.688e-005	10240259
2.704e-005	10181693
2.72e-005	10128192
2.736e-005	10084788
2.752e-005	10034520
2.768e-005	10004213
2.784e-005	9963323
2.8e-005	9943739
2.816e-005	9907534
2.832e-005	9848400
2.848e-005	9762251
2.864e-005	9701911
2.88e-005	9668175
2.896e-005	9607915
2.912e-005	9570551
2.928e-005	9534460
2.944e-005	9491354
2.96e-005	9451780
2.976e-005	9421445
2.992e-005	9392015
3.008e-005	9344014
3.024e-005	9310313
3.04e-005	9269225
3.056e-005	9234489
3.072e-005	9201687
3.088e-005	9127507
3.104e-005	9014628
3.12e-005	8911318
3.136e-005	8817209
3.152e-005	8761747
3.168e-005	8791319
3.184e-005	8821221
3.2e-005	8811168
3.216e-005	8808182
3.232e-005	8773235
3.248e-005	8704729
3.264e-005	8643609
3.28e-005	8613900
3.296e-005	8586375
3.312e-005	8539544
3.328e-005	8508778
3.344e-005	8471872
3.36e-005	8431702
3.376e-005	8390852
3.392e-005	8377789
3.408e-005	8337829
3.424e-005	8326650
3.44e-005	8303552
3.456e-005	8269309
3.472e-005	8256511
3.488e-005	8207963
3.504e-005	8138993
3.52e-005	8106153
3.536e-005	8083986
3.552e-005	8039977
3.568e-005	7996741
3.584e-005	7980957
3.6e-005	7937755
3.616e-005	7911961
3.632e-005	7893516
3.648e-005	7875979
3.664e-005	7858188
3.68e-005	7806958
3.696e-005	7783271
3.712e-005	7751414
3.728e-005	7709372
3.744e-005	7684889
3.76e-005	7661174
3.776e-005	7627072
3.792e-005	7585068
3.808e-005	7566514
3.824e-005	7537017
3.84e-005	7503580
3.856e-005	7474113
3.872e-005	7450958
3.888e-005	7433246
3.904e-005	7410635
3.92e-005	7394334
3.936e-005	7390171
3.952e-005	7346783
3.968e-005	7312892
3.984e-005	7257258
4e-005	7235419
4.016e-005	7205921
4.032e-005	7153527
4.048e-005	7111419
4.064e-005	7100402
4.08e-005	7086452
4.096e-005	7070610
4.112e-005	7029121
4.128e-005	7005482
4.144e-005	6984119
4.16e-005	6988522
4.176e-005	6946648
4.192e-005	6919098
4.208e-005	6896073
4.224e-005	6869914
4.24e-005	6847207
4.256e-005	6831071
4.272e-005	6791633
4.288e-005	6778471
4.304e-005	6747316
4.32e-005	6721956
4.336e-005	6700306
4.352e-005	6670170
4.368e-005	6664145
4.384e-005	6678945
4.4e-005	6735409
4.416e-005	6793516
4.432e-005	6793060
4.448e-005	6680255
4.464e-005	6589592
4.48e-005	6540774
4.496e-005	6494704
4.512e-005	6450112
4.528e-005	6420600
4.544e-005	6398231
4.56e-005	6375013
4.576e-005	6363274
4.592e-005	6327962
4.608e-005	6300846
4.624e-005	6287652
4.64e-005	6265360
4.656e-005	6216924
4.672e-005	6178643
4.688e-005	6165264
4.704e-005	6161532
4.72e-005	6150922
4.736e-005	6161659
4.752e-005	6157047
4.768e-005	6136732
4.784e-005	6097972
4.8e-005	6068595
4.816e-005	6053968
4.832e-005	6039966
4.848e-005	6032252
4.864e-005	6018261
4.88e-005	6004954
4.896e-005	5998445
4.912e-005	5975249
4.928e-005	5941876
4.944e-005	5928033
4.96e-005	5904640
4.976e-005	5877262
4.992e-005	5869840
5.008e-005	5848933
5.024e-005	5826885
5.04e-005	5805764
5.056e-005	5792008
5.072e-005	5783912
5.088e-005	5773318
5.104e-005	5742739
5.12e-005	5729267
5.136e-005	5703683
5.152e-005	5686705
5.168e-005	5678002
5.184e-005	5669657
5.2e-005	5662107
5.216e-005	5653430
5.232e-005	5651931
5.248e-005	5632758
5.264e-005	5612269
5.28e-005	5576388
5.296e-005	5537849
5.312e-005	5518354
5.328e-005	5506302
5.344e-005	5509243
5.36e-005	5500840
5.376e-005	5470983
5.392e-005	5448823
5.408e-005	5440513
5.424e-005	5413022
5.44e-005	5389752
5.456e-005	5378036
5.472e-005	5342542
5.488e-005	5344210
5.504e-005	5314685
5.52e-005	5314511
5.536e-005	5296598
5.552e-005	5271682
5.568e-005	5243311
5.584e-005	5228397
5.6e-005	5201018
5.616e-005	5170213
5.632e-005	5119560
5.648e-005	5104331
5.664e-005	5078582
5.68e-005	5038951
5.696e-005	5012121
5.712e-005	4968373
5.728e-005	4922357
5.744e-005	4874251
5.76e-005	4810100
5.776e-005	4750589
5.792e-005	4703107
5.808e-005	4654805
5.824e-005	4614119
5.84e-005	4566675
5.856e-005	4532834
5.872e-005	4532586
5.888e-005	4542553
5.904e-005	4571092
5.92e-005	4592039
5.936e-005	4627072
5.952e-005	4660459
5.968e-005	4690605
5.984e-005	4736957
6e-005	4767281
6.016e-005	4788294
6.032e-005	4829880
6.048e-005	4833178
6.064e-005	4825497
6.08e-005	4799899
6.096e-005	4781981
6.112e-005	4788551
6.128e-005	4770559
6.144e-005	4765318
6.16e-005	4763919
6.176e-005	4759807
6.192e-005	4762226
6.208e-005	4751711
6.224e-005	4758100
6.24e-005	4741498
6.256e-005	4755778
6.272e-005	4763622
6.288e-005	4752444
6.304e-005	4751434
6.32e-005	4718272
6.336e-005	4700101
6.352e-005	4686334
6.368e-005	4672005
6.384e-005	4646809
6.4e-005	4650415
6.416e-005	4631959
6.432e-005	4624582
6.448e-005	4618553
6.464e-005	4613793
6.48e-005	4608553
6.496e-005	4593273
6.512e-005	4583309
6.528e-005	4560227
6.544e-005	4556529
6.56e-005	4557356
6.576e-005	4551602
6.592e-005	4551151
6.608e-005	4538220
6.624e-005	4523716
6.64e-005	4506550
6.656e-005	4498842
6.672e-005	4499650
6.688e-005	4488089
6.704e-005	4487102
6.72e-005	4491955
6.736e-005	4470811
6.752e-005	4454904
6.768e-005	4448365
6.784e-005	4452236
6.8e-005	4436531
6.816e-005	4428331
6.832e-005	4419670
6.848e-005	4416247
6.864e-005	4410917
6.88e-005	4386804
6.896e-005	4369573
6.912e-005	4366470
6.928e-005	4368003
6.944e-005	4340103
6.96e-005	4350019
6.976e-005	4360543
6.992e-005	4388199
7.008e-005	4408192
7.024e-005	4385351
7.04e-005	4344299
7.056e-005	4361657
7.072e-005	4387112
7.088e-005	4364645
7.104e-005	4340363
7.12e-005	4317732
7.136e-005	4300051
7.152e-005	4274607
7.168e-005	4251150
7.184e-005	4235227
7.2e-005	4214266
7.216e-005	4202799
7.232e-005	4210755
7.248e-005	4200666
7.264e-005	4202728
7.28e-005	4197144
7.296e-005	4175736
7.312e-005	4161258
7.328e-005	4153704
7.344e-005	4139659
7.36e-005	4127681
7.376e-005	4115267
7.392e-005	4102220
7.408e-005	4095385
7.424e-005	4091359
7.44e-005	4087864
7.456e-005	4076314
7.472e-005	4068933
7.488e-005	4062669
7.504e-005	4033279
7.52e-005	4028036
7.536e-005	4041967
7.552e-005	4045263
7.568e-005	4034832
7.584e-005	4019724
7.6e-005	4008712
7.616e-005	4017637
7.632e-005	4019347
7.648e-005	4019919
7.664e-005	4020018
7.68e-005	4012389
7.696e-005	4003738
7.712e-005	3980895
7.728e-005	3960498
7.744e-005	3940312
7.76e-005	3940187
7.776e-005	3959937
7.792e-005	3946517
7.808e-005	3944894
7.824e-005	3936135
7.84e-005	3907311
7.856e-005	3881861
7.872e-005	3830346
7.888e-005	3792954
7.904e-005	3793729
7.92e-005	3810151
7.936e-005	3828119
7.952e-005	3831503
7.968e-005	3838314
7.984e-005	3831303
8e-005	3845796
8.016e-005	3831131
8.032e-005	3819834
8.048e-005	3817257
8.064e-005	3802766
8.08e-005	3793106
8.096e-005	3795604
8.112e-005	3792516
8.128e-005	3783186
8.144e-005	3764821
8.16e-005	3762130
8.176e-005	3748348
8.192e-005	3748307
8.208e-005	3741486
8.224e-005	3740349
8.24e-005	3748932
8.256e-005	3752260
8.272e-005	3737733
8.288e-005	3729072
8.304e-005	3731761
8.32e-005	3728380
8.336e-005	3704896
8.352e-005	3696266
8.368e-005	3677224
8.384e-005	3677926
8.4e-005	3674301
8.416e-005	3674381
8.432e-005	3664906
8.448e-005	3658426
8.464e-005	3653121
8.48e-005	3647307
8.496e-005	3649126
8.512e-005	3624958
8.528e-005	3613642
8.544e-005	3607866
8.56e-005	3600409
8.576e-005	3597166
8.592e-005	3598988
8.608e-005	3585871
8.624e-005	3584586
8.64e-005	3581480
8.656e-005	3571124
8.672e-005	3565796
8.688e-005	3557130
8.704e-005	3566731
8.72e-005	3565427
8.736e-005	3551137
8.752e-005	3547721
8.768e-005	3536103
8.784e-005	3531754
8.8e-005	3532957
8.816e-005	3513439
8.832e-005	3502724
8.848e-005	3500008
8.864e-005	3494898
8.88e-005	3501523
8.896e-005	3499398
8.912e-005	3491948
8.928e-005	3478559
8.944e-005	3480266
8.96e-005	3468236
8.976e-005	3460685
8.992e-005	3454940
9.008e-005	3469646
9.024e-005	3476606
9.04e-005	3458197
9.056e-005	3452779
9.072e-005	3445885
9.088e-005	3447087
9.104e-005	3437220
9.12e-005	3421708
9.136e-005	3413769
9.152e-005	3403834
9.168e-005	3401697
9.184e-005	3393084
9.2e-005	3393197
9.216e-005	3392252
9.232e-005	3377759
9.248e-005	3375378
9.264e-005	3378714
9.28e-005	3387677
9.296e-005	3382370
9.312e-005	3369232
9.328e-005	3364410
9.344e-005	3370424
9.36e-005	3395853
9.376e-005	3403841
9.392e-005	3398469
9.408e-005	3382779
9.424e-005	3364572
9.44e-005	3343953
9.456e-005	3325905
9.472e-005	3316232
9.488e-005	3301518
9.504e-005	3281886
9.52e-005	3287171
9.536e-005	3279333
9.552e-005	3277253
9.568e-005	3265656
9.584e-005	3253640
9.6e-005	3245740
9.616e-005	3238478
9.632e-005	3241866
9.648e-005	3234565
9.664e-005	3234250
9.68e-005	3257586
9.696e-005	3284973
9.712e-005	3333317
9.728e-005	3333430
9.744e-005	3291441
9.76e-005	3256100
9.776e-005	3223053
9.792e-005	3217092
9.808e-005	3200661
9.824e-005	3197311
9.84e-005	3194344
9.856e-005	3187805
9.872e-005	3173921
9.888e-005	3175701
9.904e-005	3176498
9.92e-005	3190816
9.936e-005	3190149
9.952e-005	3193203
9.968e-005	3170129
9.984e-005	3139192
0.0001	3130568
0.00010016	3121241
0.00010032	3123036
0.00010048	3114206
0.00010064	3105769
0.0001008	3101134
0.00010096	3077732
0.00010112	3048406
0.00010128	3039964
0.00010144	3062381
0.0001016	3077421
0.00010176	3071881
0.00010192	3072877
0.00010208	3067771
0.00010224	3067736
0.0001024	3068112
0.00010256	3067360
0.00010272	3059358
0.00010288	3052784
0.00010304	3057298
0.0001032	3042087
0.00010336	3045641
0.00010352	3040357
0.00010368	3029738
0.00010384	3035849
0.000104	3038329
0.00010416	3036616
0.00010432	3024976
0.00010448	3004549
0.00010464	3001935
0.0001048	2991911
0.00010496	2981803
0.00010512	2980064
0.00010528	2979564
0.00010544	2973010
0.0001056	2970251
0.00010576	2968818
0.00010592	2963859
0.00010608	2959882
0.00010624	2959168
0.0001064	2955234
0.00010656	2946752
0.00010672	2953171
0.00010688	2952399
0.00010704	2960291
0.0001072	2955605
0.00010736	2940838
0.00010752	2919594
0.00010768	2894581
0.00010784	2846944
0.000108	2796360
0.00010816	2789128
0.00010832	2822285
0.00010848	2869931
0.00010864	2911648
0.0001088	2948769
0.00010896	2963762
0.00010912	2951402
0.00010928	2927465
0.00010944	2918100
0.0001096	2896092
0.00010976	2879988
0.00010992	2872755
0.00011008	2865392
0.00011024	2867286
0.0001104	2868509
0.00011056	2855900
0.00011072	2852397
0.00011088	2847436
0.00011104	2836111
0.0001112	2831880
0.00011136	2837567
0.00011152	2833889
0.00011168	2826802
0.00011184	2818800
0.000112	2802397
0.00011216	2801738
0.00011232	2802370
0.00011248	2814763
0.00011264	2828325
0.0001128	2830656
0.00011296	2836506
0.00011312	2820831
0.00011328	2808859
0.00011344	2795626
0.0001136	2779257
0.00011376	2771700
0.00011392	2767979
0.00011408	2758271
0.00011424	2751923
0.0001144	2746922
0.00011456	2748922
0.00011472	2741301
0.00011488	2744984
0.00011504	2737019
0.0001152	2742852
0.00011536	2735298
0.00011552	2724990
0.00011568	2716792
0.00011584	2710562
0.000116	2703790
0.00011616	2702157
0.00011632	2700959
0.00011648	2701749
0.00011664	2701604
0.0001168	2700114
0.00011696	2696902
0.00011712	2693286
0.00011728	2693919
0.00011744	2694567
0.0001176	2687029
0.00011776	2691795
0.00011792	2684860
0.00011808	2675640
0.00011824	2673531
0.0001184	2671937
0.00011856	2666066
0.00011872	2665082
0.00011888	2665814
0.00011904	2668365
0.0001192	2660942
0.00011936	2658974
0.00011952	2647468
0.00011968	2637220
0.00011984	2632884
0.00012	2627091
0.00012016	2628007
0.00012032	2637313
0.00012048	2642218
0.00012064	2642770
0.0001208	2646639
0.00012096	2631723
0.00012112	2614848
0.00012128	2617508
0.00012144	2607362
0.0001216	2607019
0.00012176	2610003
0.00012192	2609046
0.00012208	2602621
0.00012224	2612614
0.0001224	2628777
0.00012256	2634953
0.00012272	2642412
0.00012288	2629509
0.00012304	2610404
0.0001232	2580423
0.00012336	2572237
0.00012352	2574690
0.00012368	2568838
0.00012384	2565501
0.000124	2557388
0.00012416	2556109
0.00012432	2546268
0.00012448	2543624
0.00012464	2543036
0.0001248	2540611
0.00012496	2532043
0.00012512	2537464
0.00012528	2534326
0.00012544	2530353
0.0001256	2525586
0.00012576	2514437
0.00012592	2513108
0.00012608	2508941
0.00012624	2498824
0.0001264	2494976
0.00012656	2492265
0.00012672	2488630
0.00012688	2487039
0.00012704	2488992
0.0001272	2486691
0.00012736	2479589
0.00012752	2482073
0.00012768	2480883
0.00012784	2477628
0.000128	2468085
0.00012816	2474284
0.00012832	2468053
0.00012848	2464668
0.00012864	2456374
0.0001288	2454913
0.00012896	2447350
0.00012912	2460175
0.00012928	2451607
0.00012944	2445139
0.0001296	2451439
0.00012976	2453378
0.00012992	2448770
0.00013008	2447230
0.00013024	2442171
0.0001304	2444220
0.00013056	2445101
0.00013072	2439544
0.00013088	2430446
0.00013104	2429709
0.0001312	2427181
0.00013136	2417367
0.00013152	2407104
0.00013168	2408358
0.00013184	2410864
0.000132	2400436
0.00013216	2397090
0.00013232	2394610
0.00013248	2390726
0.00013264	2388828
0.0001328	2380432
0.00013296	2381853
0.00013312	2377128
0.00013328	2378499
0.00013344	2375564
0.0001336	2380514
0.00013376	2370041
0.00013392	2363690
0.00013408	2358172
0.00013424	2354830
0.0001344	2353997
0.00013456	2351251
0.00013472	2343988
0.00013488	2320654
0.00013504	2291019
0.0001352	2255719
0.00013536	2232950
0.00013552	2238636
0.00013568	2263482
0.00013584	2290938
0.000136	2300156
0.00013616	2307988
0.00013632	2314639
0.00013648	2315223
0.00013664	2316339
0.0001368	2308353
0.00013696	2305271
0.00013712	2305780
0.00013728	2304573
0.00013744	2301418
0.0001376	2302356
0.00013776	2299640
0.00013792	2297755
0.00013808	2295064
0.00013824	2292909
0.0001384	2288748
0.00013856	2290638
0.00013872	2296287
0.00013888	2293184
0.00013904	2288016
0.0001392	2284831
0.00013936	2278846
0.00013952	2280342
0.00013968	2282049
0.00013984	2268200
0.00014	2268599
0.00014016	2260378
0.00014032	2256968
0.00014048	2252461
0.00014064	2254035
0.0001408	2259614
0.00014096	2254773
0.00014112	2257706
0.00014128	2253061
0.00014144	2260631
0.0001416	2254652
0.00014176	2245152
0.00014192	2240226
0.00014208	2233805
0.00014224	2225327
0.0001424	2223376
0.00014256	2230261
0.00014272	2235981
0.00014288	2238301
0.00014304	2229041
0.0001432	2221897
0.00014336	2225889
0.00014352	2225341
0.00014368	2224031
0.00014384	2233824
0.000144	2237861
0.00014416	2246436
0.00014432	2248793
0.00014448	2236165
0.00014464	2222994
0.0001448	2213641
0.00014496	2197073
0.00014512	2194169
0.00014528	2184449
0.00014544	2187152
0.0001456	2181867
0.00014576	2181052
0.00014592	2176923
0.00014608	2179909
0.00014624	2174882
0.0001464	2168627
0.00014656	2163305
0.00014672	2169783
0.00014688	2167796
0.00014704	2162083
0.0001472	2157180
0.00014736	2160094
0.00014752	2157133
0.00014768	2153756
0.00014784	2160303
0.000148	2154064
0.00014816	2141663
0.00014832	2138265
0.00014848	2142514
0.00014864	2133783
0.0001488	2133996
0.00014896	2135909
0.00014912	2133698
0.00014928	2130404
0.00014944	2135889
0.0001496	2133836
0.00014976	2132056
0.00014992	2141169
0.00015008	2155358
0.00015024	2163247
0.0001504	2160766
0.00015056	2155253
0.00015072	2138438
0.00015088	2124798
0.00015104	2121216
0.0001512	2120851
0.00015136	2111198
0.00015152	2105784
0.00015168	2103730
0.00015184	2097948
0.000152	2093293
0.00015216	2095793
0.00015232	2092609
0.00015248	2106038
0.00015264	2105187
0.0001528	2113825
0.00015296	2109866
0.00015312	2099700
0.00015328	2099167
0.00015344	2085432
0.0001536	2085846
0.00015376	2085817
0.00015392	2086242
0.00015408	2079014
0.00015424	2081174
0.0001544	2069462
0.00015456	2067536
0.00015472	2065726
0.00015488	2059838
0.00015504	2051934
0.0001552	2050645
0.00015536	2051168
0.00015552	2046702
0.00015568	2048720
0.00015584	2036850
0.000156	2041089
0.00015616	2042684
0.00015632	2031579
0.00015648	2033282
0.00015664	2026459
0.0001568	2026526
0.00015696	2018649
0.00015712	2026221
0.00015728	2026303
0.00015744	2033683
0.0001576	2044141
0.00015776	2055116
0.00015792	2057415
0.00015808	2059576
0.00015824	2045133
0.0001584	2037884
0.00015856	2023088
0.00015872	2021664
0.00015888	2014487
0.00015904	2012829
0.0001592	2016400
0.00015936	2026046
0.00015952	2043832
0.00015968	2054220
0.00015984	2069509
0.00016	2064337
0.00016016	2052287
0.00016032	2036834
0.00016048	2029223
0.00016064	2009438
0.0001608	2004953
0.00016096	1999236
0.00016112	1994781
0.00016128	1983477
0.00016144	1979759
0.0001616	1974537
0.00016176	1968220
0.00016192	1977264
0.00016208	1966125
0.00016224	1958180
0.0001624	1961187
0.00016256	1963043
0.00016272	1953276
0.00016288	1952693
0.00016304	1944545
0.0001632	1946062
0.00016336	1943386
0.00016352	1943378
0.00016368	1940164
0.00016384	1935943
0.000164	1937102
0.00016416	1940012
0.00016432	1933561
0.00016448	1936570
0.00016464	1932685
0.0001648	1923278
0.00016496	1922843
0.00016512	1922704
0.00016528	1921642
0.00016544	1923372
0.0001656	1928814
0.00016576	1928382
0.00016592	1939376
0.00016608	1939753
0.00016624	1941994
0.0001664	1938630
0.00016656	1932191
0.00016672	1924810
0.00016688	1923763
0.00016704	1914831
0.0001672	1911143
0.00016736	1906966
0.00016752	1905289
0.00016768	1904993
0.00016784	1901163
0.000168	1898565
0.00016816	1896077
0.00016832	1892584
0.00016848	1884302
0.00016864	1879651
0.0001688	1878067
0.00016896	1874523
0.00016912	1875672
0.00016928	1871848
0.00016944	1867142
0.0001696	1869511
0.00016976	1870376
0.00016992	1862937
0.00017008	1862978
0.00017024	1862812
0.0001704	1863210
0.00017056	1858112
0.00017072	1856334
0.00017088	1855899
0.00017104	1857007
0.0001712	1856783
0.00017136	1856167
0.00017152	1855560
0.00017168	1851510
0.00017184	1844749
0.000172	1843879
0.00017216	1843044
0.00017232	1838040
0.00017248	1838004
0.00017264	1835497
0.0001728	1827832
0.00017296	1831943
0.00017312	1833206
0.00017328	1831980
0.00017344	1835168
0.0001736	1833475
0.00017376	1831848
0.00017392	1822445
0.00017408	1831918
0.00017424	1821772
0.0001744	1825783
0.00017456	1821461
0.00017472	1818297
0.00017488	1813477
0.00017504	1811853
0.0001752	1803414
0.00017536	1801578
0.00017552	1803648
0.00017568	1802519
0.00017584	1799946
0.000176	1796739
0.00017616	1797003
0.00017632	1792381
0.00017648	1793673
0.00017664	1791046
0.0001768	1792703
0.00017696	1785369
0.00017712	1785416
0.00017728	1781525
0.00017744	1780761
0.0001776	1781194
0.00017776	1777397
0.00017792	1778731
0.00017808	1776334
0.00017824	1775919
0.0001784	1779771
0.00017856	1774347
0.00017872	1770533
0.00017888	1771294
0.00017904	1768070
0.0001792	1764419
0.00017936	1759860
0.00017952	1759262
0.00017968	1753413
0.00017984	1752053
0.00018	1754992
0.00018016	1756421
0.00018032	1759372
0.00018048	1753722
0.00018064	1749316
0.0001808	1744631
0.00018096	1742452
0.00018112	1733362
0.00018128	1725603
0.00018144	1709234
0.0001816	1686059
0.00018176	1653565
0.00018192	1627110
0.00018208	1594074
0.00018224	1582080
0.0001824	1569418
0.00018256	1577592
0.00018272	1588315
0.00018288	1609172
0.00018304	1636689
0.0001832	1659311
0.00018336	1685061
0.00018352	1704617
0.00018368	1720992
0.00018384	1729622
0.000184	1739070
0.00018416	1752481
0.00018432	1760424
0.00018448	1768396
0.00018464	1772960
0.0001848	1771329
0.00018496	1769313
0.00018512	1768928
0.00018528	1761078
0.00018544	1748167
0.0001856	1743578
0.00018576	1735460
0.00018592	1728351
0.00018608	1724203
0.00018624	1716975
0.0001864	1711517
0.00018656	1707773
0.00018672	1706733
0.00018688	1709127
0.00018704	1708613
0.0001872	1710665
0.00018736	1715562
0.00018752	1713590
0.00018768	1701291
0.00018784	1690695
0.000188	1690035
0.00018816	1685490
0.00018832	1687943
0.00018848	1677402
0.00018864	1684167
0.0001888	1679781
0.00018896	1681038
0.00018912	1675931
0.00018928	1671801
0.00018944	1674347
0.0001896	1672321
0.00018976	1662965
0.00018992	1661075
0.00019008	1664781
0.00019024	1663892
0.0001904	1665604
0.00019056	1666218
0.00019072	1667483
0.00019088	1665563
0.00019104	1667352
0.0001912	1667551
0.00019136	1671225
0.00019152	1673527
0.00019168	1677671
0.00019184	1675382
0.000192	1676151
0.00019216	1668338
0.00019232	1662780
0.00019248	1654981
0.00019264	1647321
0.0001928	1643097
0.00019296	1635706
0.00019312	1634364
0.00019328	1630840
0.00019344	1632962
0.0001936	1631022
0.00019376	1634687
0.00019392	1628576
0.00019408	1627969
0.00019424	1627976
0.0001944	1622698
0.00019456	1617936
0.00019472	1614261
0.00019488	1614360
0.00019504	1613790
0.0001952	1609435
0.00019536	1614047
0.00019552	1616676
0.00019568	1616028
0.00019584	1610868
0.000196	1617244
0.00019616	1613057
0.00019632	1606816
0.00019648	1608218
0.00019664	1605630
0.0001968	1601690
0.00019696	1604557
0.00019712	1606474
0.00019728	1604965
0.00019744	1604200
0.0001976	1596573
0.00019776	1594522
0.00019792	1591247
0.00019808	1590116
0.00019824	1594625
0.0001984	1592437
0.00019856	1588308
0.00019872	1589805
0.00019888	1581798
0.00019904	1583825
0.0001992	1584758
0.00019936	1585161
0.00019952	1592231
0.00019968	1590085
0.00019984	1587605
0.0002	1585941
0.00020016	1585941
0.00020032	1583223
0.00020048	1584224
0.00020064	1584865
0.0002008	1587348
0.00020096	1587819
0.00020112	1596358
0.00020128	1593327
0.00020144	1594370
0.0002016	1591063
0.00020176	1586925
0.00020192	1582624
0.00020208	1580066
0.00020224	1580089
0.0002024	1571852
0.00020256	1570713
0.00020272	1567528
0.00020288	1568636
0.00020304	1573063
0.0002032	1567331
0.00020336	1563128
0.00020352	1566759
0.00020368	1560742
0.00020384	1555839
0.000204	1553716
0.00020416	1554103
0.00020432	1550655
0.00020448	1549693
0.00020464	1546459
0.0002048	1544696
0.00020496	1539668
0.00020512	1536977
0.00020528	1536746
0.00020544	1533182
0.0002056	1532177
0.00020576	1536934
0.00020592	1530838
0.00020608	1537860
0.00020624	1530333
0.0002064	1523892
0.00020656	1521036
0.00020672	1519175
0.00020688	1521365
0.00020704	1520535
0.0002072	1518605
0.00020736	1521023
0.00020752	1516765
0.00020768	1519414
0.00020784	1517090
0.000208	1513382
0.00020816	1511900
0.00020832	1510828
0.00020848	1510564
0.00020864	1507570
0.0002088	1504185
0.00020896	1500071
0.00020912	1502148
0.00020928	1502473
0.00020944	1498113
0.0002096	1500771
0.00020976	1500248
0.00020992	1493829
0.00021008	1494102
0.00021024	1489960
0.0002104	1492053
0.00021056	1491637
0.00021072	1491318
0.00021088	1490491
0.00021104	1488239
0.0002112	1486284
0.00021136	1481860
0.00021152	1487686
0.00021168	1483612
0.00021184	1481822
0.000212	1480504
0.00021216	1477794
0.00021232	1480255
0.00021248	1476474
0.00021264	1472109
0.0002128	1477669
0.00021296	1478332
0.00021312	1473693
0.00021328	1476374
0.00021344	1475517
0.0002136	1477675
0.00021376	1468844
0.00021392	1469468
0.00021408	1467546
0.00021424	1464123
0.0002144	1466161
0.00021456	1466632
0.00021472	1465813
0.00021488	1467960
0.00021504	1460258
0.0002152	1459926
0.00021536	1456180
0.00021552	1459494
0.00021568	1457290
0.00021584	1452689
0.000216	1455924
0.00021616	1453162
0.00021632	1457917
0.00021648	1454452
0.00021664	1450846
0.0002168	1450404
0.00021696	1446545
0.00021712	1445376
0.00021728	1443288
0.00021744	1437816
0.0002176	1439936
0.00021776	1435722
0.00021792	1440106
0.00021808	1441075
0.00021824	1440065
0.0002184	1438193
0.00021856	1436878
0.00021872	1435266
0.00021888	1431223
0.00021904	1438264
0.0002192	1435128
0.00021936	1438779
0.00021952	1438390
0.00021968	1438180
0.00021984	1437845
0.00022	1434646
0.00022016	1427384
0.00022032	1424401
0.00022048	1423665
0.00022064	1422971
0.0002208	1422153
0.00022096	1419331
0.00022112	1421270
0.00022128	1416156
0.00022144	1415462
0.0002216	1415558
0.00022176	1409848
0.00022192	1411943
0.00022208	1410894
0.00022224	1411855
0.0002224	1412659
0.00022256	1409998
0.00022272	1405120
0.00022288	1403964
0.00022304	1400923
0.0002232	1404457
0.00022336	1400786
0.00022352	1402883
0.00022368	1403887
0.00022384	1403638
0.000224	1398943
0.00022416	1401748
0.00022432	1401323
0.00022448	1400234
0.00022464	1396299
0.0002248	1395605
0.00022496	1396312
0.00022512	1399563
0.00022528	1391804
0.00022544	1389518
0.0002256	1390618
0.00022576	1390112
0.00022592	1388345
0.00022608	1387744
0.00022624	1387840
0.0002264	1386137
0.00022656	1385761
0.00022672	1385441
0.00022688	1383012
0.00022704	1385070
0.0002272	1382974
0.00022736	1383359
0.00022752	1382241
0.00022768	1385132
0.00022784	1378178
0.000228	1385258
0.00022816	1382086
0.00022832	1375921
0.00022848	1378049
0.00022864	1373823
0.0002288	1371210
0.00022896	1369701
0.00022912	1371519
0.00022928	1374577
0.00022944	1370244
0.0002296	1368647
0.00022976	1370842
0.00022992	1368105
0.00023008	1361037
0.00023024	1361275
0.0002304	1357282
0.00023056	1356281
0.00023072	1361492
0.00023088	1359557
0.00023104	1359892
0.0002312	1356866
0.00023136	1356047
0.00023152	1354537
0.00023168	1355435
0.00023184	1363797
0.000232	1361604
0.00023216	1364968
0.00023232	1371449
0.00023248	1382853
0.00023264	1387800
0.0002328	1394601
0.00023296	1400595
0.00023312	1401558
0.00023328	1402524
0.00023344	1404554
0.0002336	1406225
0.00023376	1401269
0.00023392	1399128
0.00023408	1393427
0.00023424	1384154
0.0002344	1376183
0.00023456	1368311
0.00023472	1361054
0.00023488	1352520
0.00023504	1348694
0.0002352	1337212
0.00023536	1331246
0.00023552	1322110
0.00023568	1319516
0.00023584	1316697
0.000236	1312656
0.00023616	1319710
0.00023632	1318522
0.00023648	1313297
0.00023664	1314382
0.0002368	1316683
0.00023696	1318847
0.00023712	1315282
0.00023728	1315335
0.00023744	1314328
0.0002376	1316491
0.00023776	1314063
0.00023792	1309081
0.00023808	1307639
0.00023824	1308022
0.0002384	1307005
0.00023856	1304532
0.00023872	1301735
0.00023888	1298985
0.00023904	1300909
0.0002392	1302901
0.00023936	1302510
0.00023952	1301281
0.00023968	1301433
0.00023984	1297395
0.00024	1296307
0.00024016	1292178
0.00024032	1297991
0.00024048	1291947
0.00024064	1295662
0.0002408	1294129
0.00024096	1292354
0.00024112	1283810
0.00024128	1271803
0.00024144	1256701
0.0002416	1240296
0.00024176	1223341
0.00024192	1205164
0.00024208	1193912
0.00024224	1181096
0.0002424	1173676
0.00024256	1161983
0.00024272	1157513
0.00024288	1152183
0.00024304	1161344
0.0002432	1171972
0.00024336	1191283
0.00024352	1204762
0.00024368	1225597
0.00024384	1246243
0.000244	1260139
0.00024416	1276282
0.00024432	1285957
0.00024448	1293722
0.00024464	1297430
0.0002448	1300555
0.00024496	1296068
0.00024512	1289077
0.00024528	1288241
0.00024544	1287596
0.0002456	1281326
0.00024576	1275020
0.00024592	1273941
0.00024608	1272080
0.00024624	1273197
0.0002464	1273551
0.00024656	1269966
0.00024672	1269584
0.00024688	1269058
0.00024704	1263969
0.0002472	1263567
0.00024736	1266573
0.00024752	1266328
0.00024768	1268440
0.00024784	1268394
0.000248	1265471
0.00024816	1267596
0.00024832	1265215
0.00024848	1271429
0.00024864	1269400
0.0002488	1267446
0.00024896	1270216
0.00024912	1263393
0.00024928	1259585
0.00024944	1255189
0.0002496	1256003
0.00024976	1257605
0.00024992	1260607
0.00025008	1256227
0.00025024	1256369
0.0002504	1256297
0.00025056	1249899
0.00025072	1247026
0.00025088	1243341
0.00025104	1237709
0.0002512	1237480
0.00025136	1235000
0.00025152	1237873
0.00025168	1234826
0.00025184	1237388
0.000252	1234450
0.00025216	1236742
0.00025232	1233724
0.00025248	1234385
0.00025264	1229942
0.0002528	1229917
0.00025296	1229969
0.00025312	1231616
0.00025328	1233119
0.00025344	1238145
0.0002536	1233257
0.00025376	1232070
0.00025392	1227692
0.00025408	1226874
0.00025424	1228328
0.0002544	1222958
0.00025456	1225923
0.00025472	1226964
0.00025488	1229537
0.00025504	1225738
0.0002552	1227317
0.00025536	1223560
0.00025552	1230216
0.00025568	1230848
0.00025584	1227783
0.000256	1227822
0.00025616	1223235
0.00025632	1226560
0.00025648	1222839
0.00025664	1216287
0.0002568	1218729
0.00025696	1215404
0.00025712	1213373
0.00025728	1212726
0.00025744	1218272
0.0002576	1213122
0.00025776	1213972
0.00025792	1217504
0.00025808	1210305
0.00025824	1209518
0.0002584	1207712
0.00025856	1211480
0.00025872	1207825
0.00025888	1213047
0.00025904	1204816
0.0002592	1200529
0.00025936	1197992
0.00025952	1199981
0.00025968	1200391
0.00025984	1200368
0.00026	1200141
0.00026016	1203227
0.00026032	1204695
0.00026048	1202931
0.00026064	1198875
0.0002608	1190160
0.00026096	1191470
0.00026112	1190736
0.00026128	1190409
0.00026144	1191070
0.0002616	1192907
0.00026176	1191061
0.00026192	1193466
0.00026208	1188261
0.00026224	1189479
0.0002624	1186744
0.00026256	1187127
0.00026272	1183930
0.00026288	1186075
0.00026304	1186243
0.0002632	1182637
0.00026336	1186183
0.00026352	1184151
0.00026368	1185173
0.00026384	1183842
0.000264	1181843
0.00026416	1174592
0.00026432	1177606
0.00026448	1174969
0.00026464	1172768
0.0002648	1171431
0.00026496	1174639
0.00026512	1175588
0.00026528	1176815
0.00026544	1169395
0.0002656	1169198
0.00026576	1169297
0.00026592	1172009
0.00026608	1171052
0.00026624	1169472
0.0002664	1168929
0.00026656	1166115
0.00026672	1165429
0.00026688	1168990
0.00026704	1167048
0.0002672	1167342
0.00026736	1160176
0.00026752	1162116
0.00026768	1163805
0.00026784	1161279
0.000268	1162998
0.00026816	1163163
0.00026832	1165396
0.00026848	1165043
0.00026864	1167586
0.0002688	1165717
0.00026896	1169632
0.00026912	1170916
0.00026928	1179160
0.00026944	1180904
0.0002696	1183991
0.00026976	1192330
0.00026992	1193629
0.00027008	1195966
0.00027024	1196926
0.0002704	1192278
0.00027056	1195334
0.00027072	1193901
0.00027088	1197127
0.00027104	1191688
0.0002712	1187148
0.00027136	1179110
0.00027152	1178509
0.00027168	1173464
0.00027184	1168574
0.000272	1165961
0.00027216	1167263
0.00027232	1158326
0.00027248	1158818
0.00027264	1153499
0.0002728	1150291
0.00027296	1148077
0.00027312	1143732
0.00027328	1144739
0.00027344	1139642
0.0002736	1138998
0.00027376	1137279
0.00027392	1136480
0.00027408	1132882
0.00027424	1131196
0.0002744	1137013
0.00027456	1138508
0.00027472	1134500
0.00027488	1136549
0.00027504	1132739
0.0002752	1130949
0.00027536	1131730
0.00027552	1126038
0.00027568	1128148
0.00027584	1129385
0.000276	1124173
0.00027616	1121979
0.00027632	1124814
0.00027648	1124618
0.00027664	1122644
0.0002768	1124141
0.00027696	1121447
0.00027712	1116288
0.00027728	1114414
0.00027744	1119725
0.0002776	1115851
0.00027776	1112722
0.00027792	1117269
0.00027808	1117397
0.00027824	1112572
0.0002784	1115199
0.00027856	1115161
0.00027872	1116042
0.00027888	1113488
0.00027904	1110241
0.0002792	1114913
0.00027936	1108468
0.00027952	1107185
0.00027968	1103724
0.00027984	1106487
0.00028	1103346
0.00028016	1102328
0.00028032	1101815
0.00028048	1102059
0.00028064	1103337
0.0002808	1102785
0.00028096	1105638
0.00028112	1101911
0.00028128	1099115
0.00028144	1102145
0.0002816	1101061
0.00028176	1097669
0.00028192	1101637
0.00028208	1101325
0.00028224	1100224
0.0002824	1095943
0.00028256	1097677
0.00028272	1095229
0.00028288	1091248
0.00028304	1088105
0.0002832	1092049
0.00028336	1089423
0.00028352	1093806
0.00028368	1093448
0.00028384	1090919
0.000284	1087873
0.00028416	1089817
0.00028432	1087485
0.00028448	1085960
0.00028464	1088540
0.0002848	1085250
0.00028496	1086046
0.00028512	1085881
0.00028528	1088143
0.00028544	1083453
0.0002856	1083332
0.00028576	1082347
0.00028592	1076227
0.00028608	1081559
0.00028624	1079969
0.0002864	1082245
0.00028656	1079504
0.00028672	1080840
0.00028688	1079347
0.00028704	1079945
0.0002872	1076001
0.00028736	1074376
0.00028752	1074715
0.00028768	1074244
0.00028784	1077614
0.000288	1074439
0.00028816	1073488
0.00028832	1079821
0.00028848	1073986
0.00028864	1071758
0.0002888	1071666
0.00028896	1068323
0.00028912	1066906
0.00028928	1070141
0.00028944	1067977
0.0002896	1068624
0.00028976	1066276
0.00028992	1065427
0.00029008	1067810
0.00029024	1066569
0.0002904	1067044
0.00029056	1069928
0.00029072	1067566
0.00029088	1069665
0.00029104	1071492
0.0002912	1070431
0.00029136	1071512
0.00029152	1068973
0.00029168	1068243
0.00029184	1067769
0.000292	1062815
0.00029216	1063222
0.00029232	1061802
0.00029248	1059133
0.00029264	1057938
0.0002928	1057001
0.00029296	1053763
0.00029312	1053913
0.00029328	1054985
0.00029344	1055152
0.0002936	1051221
0.00029376	1051530
0.00029392	1049554
0.00029408	1046782
0.00029424	1048334
0.0002944	1050160
0.00029456	1048907
0.00029472	1048904
0.00029488	1048738
0.00029504	1047635
0.0002952	1047225
0.00029536	1045258
0.00029552	1046614
0.00029568	1043453
0.00029584	1042806
0.000296	1043163
0.00029616	1044950
0.00029632	1041525
0.00029648	1040922
0.00029664	1038643
0.0002968	1041155
0.00029696	1038595
0.00029712	1040175
0.00029728	1039466
0.00029744	1038554
0.0002976	1039084
0.00029776	1035228
0.00029792	1032756
0.00029808	1033667
0.00029824	1033858
0.0002984	1033762
0.00029856	1032601
0.00029872	1033534
0.00029888	1036517
0.00029904	1033730
0.0002992	1034733
0.00029936	1036810
0.00029952	1036262
0.00029968	1033026
0.00029984	1032234
0.0003	1034456
0.00030016	1030907
0.00030032	1027576
0.00030048	1027063
0.00030064	1024541
0.0003008	1025132
0.00030096	1024897
0.00030112	1024644
0.00030128	1024518
0.00030144	1024797
0.0003016	1024828
0.00030176	1024032
0.00030192	1022504
0.00030208	1021371
0.00030224	1022398
0.0003024	1019495
0.00030256	1021892
0.00030272	1015841
0.00030288	1017180
0.00030304	1017711
0.0003032	1015955
0.00030336	1017016
0.00030352	1016684
0.00030368	1018324
0.00030384	1018642
0.000304	1014927
0.00030416	1018137
0.00030432	1017861
0.00030448	1015993
0.00030464	1012072
0.0003048	1014074
0.00030496	1011255
0.00030512	1013809
0.00030528	1012636
0.00030544	1008027
0.0003056	1012268
0.00030576	1009755
0.00030592	1005338
0.00030608	1006792
0.00030624	1010159
0.0003064	1006901
0.00030656	1004890
0.00030672	1004401
0.00030688	1002498
0.00030704	1005120
0.0003072	1004461
0.00030736	1007905
0.00030752	1006540
0.00030768	1004390
0.00030784	998301
0.000308	998924
0.00030816	997741
0.00030832	998331
0.00030848	1002472
0.00030864	1003954
0.0003088	999081
0.00030896	993352
0.00030912	996370
0.00030928	995751
0.00030944	995070
0.0003096	996704
0.00030976	995355
0.00030992	994246
0.00031008	993686
0.00031024	998029
0.0003104	993248
0.00031056	995316
0.00031072	993968
0.00031088	987289
0.00031104	989223
0.0003112	987996
0.00031136	989835
0.00031152	985956
0.00031168	991377
0.00031184	992122
0.000312	986111
0.00031216	984836
0.00031232	986245
0.00031248	984079
0.00031264	982258
0.0003128	988044
0.00031296	985393
0.00031312	983350
0.00031328	982171
0.00031344	983340
0.0003136	984281
0.00031376	982908
0.00031392	983758
0.00031408	975978
0.00031424	976514
0.0003144	976974
0.00031456	979530
0.00031472	980729
0.00031488	974049
0.00031504	975956
0.0003152	977009
0.00031536	973198
0.00031552	971319
0.00031568	971017
0.00031584	970751
0.000316	971020
0.00031616	970553
0.00031632	970799
0.00031648	972040
0.00031664	975337
0.0003168	972170
0.00031696	971797
0.00031712	975798
0.00031728	974053
0.00031744	971623
0.0003176	970182
0.00031776	974578
0.00031792	974025
0.00031808	973476
0.00031824	973718
0.0003184	978124
0.00031856	975794
0.00031872	979764
0.00031888	978464
0.00031904	981343
0.0003192	985294
0.00031936	987037
0.00031952	987002
0.00031968	977543
