101.33
99.2031
94.1714
91.4882
95.0265
101.5856
104.3773
104.221
102.725
101.2201
99.6785
97.7247
95.6529
92.9972
89.567
85.7892
82.0914
81.5235
85.0753
90.8773
94.5661
95.2142
94.3114
93.0002
92.0186
90.7148
89.2645
88.4943
87.2264
86.3921
85.6093
84.7079
83.5961
82.8257
82.2189
81.5605
80.5116
79.9001
79.3415
78.4921
77.5387
76.7484
76.1646
75.3353
74.5679
73.8485
73.3447
72.8265
72.0146
71.3395
70.8076
70.3547
69.3025
68.7833
68.041
67.2504
67.1822
66.8249
66.2013
65.9496
65.1477
64.2732
63.6936
63.1694
62.6578
62.0676
61.7425
61.2856
60.407
58.9475
57.4011
56.6284
57.6509
58.5496
58.0862
58.0907
57.4181
57.1339
56.7427
56.3198
55.9859
55.5916
55.2297
54.9392
54.647
54.2326
53.7203
53.1539
52.9385
52.4507
52.509
52.0838
51.7893
51.2795
51.1374
50.6187
50.5057
50.1312
49.6211
49.2779
49.0218
48.7056
48.416
48.2754
47.8464
47.884
47.3404
47.2957
47.1138
46.896
46.5446
46.2623
45.9549
45.5288
45.2214
44.8484
44.718
44.3658
43.978
43.9306
43.3963
42.9762
42.7079
42.236
42.1922
42.041
41.9208
41.754
41.5864
41.5575
41.2731
41.101
40.9199
41.001
41.1836
40.7914
40.4976
40.0289
39.7838
39.6071
39.3171
39.2047
38.9715
38.7383
38.4539
38.264
38.0318
37.7512
37.5874
37.4375
37.2913
37.0842
37.0173
36.8519
36.6522
36.4845
36.3686
36.185
35.9126
35.9538
35.5715
35.5088
35.3581
35.0616
35.0034
34.6067
34.5914
34.3638
34.2519
34.2772
34.1148
33.9246
33.6635
33.4327
33.3485
33.2562
33.0262
33.0191
32.841
32.6795
32.5843
32.6504
32.2433
31.9596
31.9728
31.9131
31.8042
31.5279
31.2401
30.7334
30.4926
30.171
30.2555
30.5677
30.463
30.5276
30.3194
30.1003
29.9856
29.8851
29.6445
29.6243
29.5716
29.3557
29.2125
29.0743
29.1471
28.9955
28.8115
28.8658
28.7602
28.7997
28.5169
28.3227
28.2013
28.0246
28.0739
27.6589
27.8169
27.5781
27.5414
27.5709
27.3246
27.3236
27.184
27.2014
27.1463
27.005
26.81
26.8323
26.6611
26.3859
26.2756
26.3424
26.1341
26.0932
26.0942
25.9755
25.8029
25.8452
25.6773
25.812
25.5583
25.3634
25.3322
25.1414
24.9688
24.892
24.7756
24.7017
24.6903
24.4977
24.4396
24.4272
24.3395
24.2364
24.1339
24.1217
24.0864
23.935
23.9578
23.7652
23.6231
23.5916
23.4793
23.3968
23.3684
23.2329
23.4248
23.718
23.9152
23.9691
23.4919
23.1788
22.9292
22.7338
22.6358
22.603
22.5203
22.4237
22.3985
22.3606
22.0856
22.1176
22.0203
21.7206
21.6962
21.6535
21.6547
21.6702
21.6123
21.7014
21.5917
21.4348
21.4679
21.3165
21.2475
21.2783
21.2012
21.2085
21.2056
21.0095
20.9676
20.958
20.7896
20.7023
20.683
20.6643
20.566
20.3483
20.397
20.4383
20.2999
20.1815
20.2249
20.1691
20.0658
20.0371
19.9597
19.9434
20.0192
19.9806
19.8937
19.8133
19.6657
19.6578
19.5054
19.4411
19.5605
19.4756
19.4179
19.3688
19.2117
19.0986
19.0912
18.9585
18.9174
18.9009
18.8785
18.8044
18.8187
18.5979
18.5602
18.4887
18.3831
18.2678
18.1354
18.0934
17.9111
17.7457
17.7413
17.6252
17.3854
17.1638
16.943
16.7057
16.5392
16.32
16.289
15.9795
15.8983
15.9309
15.9838
16.0351
16.162
16.3274
16.3461
16.4851
16.6978
16.8633
16.9687
17.128
17.1124
17.1536
17.0484
16.9863
17.0451
16.9932
17.0067
17.028
16.9235
16.8735
16.9219
16.8831
16.8035
16.897
16.8283
16.96
16.8749
16.862
16.8322
16.752
16.8535
16.6117
16.5528
16.5066
16.4859
16.4427
16.4367
16.4244
16.3512
16.4039
16.2974
16.3132
16.3782
16.2779
16.3913
16.2697
16.1376
16.0903
16.0438
16.0631
15.9317
16.0855
16.1413
16
15.995
15.8877
15.9205
15.931
15.8383
15.807
15.8478
15.7489
15.7148
15.6528
15.6563
15.7038
15.5126
15.5874
15.6777
15.7104
15.8592
15.7998
15.6764
15.7255
15.7392
15.5989
15.5274
15.5272
15.5313
15.3636
15.183
15.2221
15.1588
15.0205
15.0291
15.1484
15.0722
15.0074
14.9826
14.9425
14.9506
14.857
14.8045
14.7872
14.7453
14.7426
14.6302
14.682
14.673
14.6008
14.6846
14.7442
14.5884
14.5773
14.6502
14.6082
14.5091
14.5513
14.438
14.4354
14.5706
14.4749
14.4946
14.3894
14.5253
14.3049
14.1604
14.2789
14.3125
14.264
14.1724
14.2022
14.2128
14.125
14.1394
14.0421
13.9202
13.8153
13.7729
13.8453
13.8879
13.8775
13.8739
13.7983
13.7916
13.7536
13.6723
13.6439
13.7045
13.665
13.6946
13.5559
13.6292
13.5932
13.5473
13.4896
13.4472
13.5812
13.6317
13.5441
13.4281
13.4331
13.4342
13.3815
13.3755
13.256
13.3419
13.2586
13.3221
13.2599
13.1961
13.2145
13.2256
13.2033
13.1345
13.0059
13.0632
12.9975
13.0142
13.044
12.9842
12.9933
13.0755
12.9929
12.9597
12.8807
12.8967
12.8844
12.807
12.9321
12.8478
12.8637
12.9448
12.7874
12.7315
12.6712
12.7324
12.7547
12.6927
12.7033
12.6336
12.6286
12.5855
12.486
12.5774
12.537
12.6641
12.5553
12.5135
12.5388
12.571
12.5559
12.5254
12.414
12.3984
12.3653
12.3606
12.3285
12.3539
12.3154
12.2417
12.3308
12.3856
12.2737
12.1764
12.3088
12.2882
12.3356
12.4797
12.4538
12.316
12.2964
12.1344
12.0402
12.0564
12.0598
11.9015
11.8264
11.9282
12.0005
11.9258
11.8727
11.7935
11.7313
11.7374
11.7997
11.6816
11.9958
12.0314
12.2024
12.2232
12.0807
11.865
11.7848
11.7817
11.6907
11.654
11.7735
11.5946
11.4608
11.5628
11.5805
11.674
11.6905
11.7285
11.585
11.4285
11.4504
11.412
11.4436
11.4217
11.543
11.4483
11.3538
11.3289
11.2647
11.352
11.3824
11.2356
11.272
11.349
11.1432
11.2609
11.1532
11.2462
11.2339
11.2402
11.0904
11.1982
11.0444
11.1636
11.0982
11.1173
11.136
11.0915
11.0016
10.9882
11.014
11.0197
10.8388
10.9323
10.9541
10.9083
10.9148
10.9171
10.8173
10.8379
10.9008
10.7905
10.8636
10.8581
10.8842
10.8627
10.7975
10.7169
10.7027
10.6402
10.5897
10.6426
10.694
10.7381
10.7786
10.9219
10.8852
10.8783
10.8502
10.6763
10.6878
10.6366
10.5338
10.5498
10.5657
10.5479
10.5666
10.5206
10.6148
10.4188
10.5242
10.4387
10.3627
10.3991
10.2406
10.3582
10.3229
10.3306
10.2875
10.4406
10.3958
10.4744
10.3849
10.4047
10.3769
10.2602
10.1648
10.156
10.1868
10.1911
9.9949
10.1198
10.137
10.1712
10.1022
10.0472
10.0444
10.0234
10.0017
10.0649
9.9271
9.9454
9.9351
9.9844
9.9309
9.9714
9.9515
9.868
9.94
9.9025
9.9384
9.8629
9.8849
9.8328
9.7945
9.8734
9.7754
9.7856
9.8369
9.8406
9.8382
9.8252
9.7591
9.8062
9.7623
9.7232
9.7076
9.7748
9.7831
9.6986
9.7837
9.7442
9.7495
9.6026
9.6563
9.6732
9.737
9.6778
9.7119
9.7957
9.7079
9.7488
9.7291
9.7562
9.6414
9.5347
9.6187
9.5587
9.5112
9.5122
9.485
9.4809
9.35
9.4268
9.4224
9.4535
9.3261
9.414
9.3884
9.369
9.3121
9.3321
9.3164
9.2329
9.2963
9.2437
9.2387
9.219
9.2149
9.2734
9.2682
9.2843
9.2135
9.2408
9.2045
9.151
9.188
9.0737
9.1446
9.0996
9.0994
9.1488
9.17
9.1148
9.0113
9.1229
9.1404
9.0774
9.0138
9.0774
9.0744
9.0476
9.0504
9.0464
9.0799
8.9982
8.9543
8.9268
8.9185
8.9532
8.9276
8.8849
8.8352
8.9098
8.8752
8.8193
8.9102
8.8756
8.8571
8.8687
8.8267
8.8014
8.7436
8.8282
8.7799
8.8567
8.791
8.7793
8.8223
8.7973
8.8254
8.6819
8.6965
8.7145
8.6271
8.6092
8.6404
8.7148
8.5815
8.6419
8.607
8.6495
8.5959
8.5908
8.6515
8.6253
8.5972
8.5616
8.5055
8.5365
8.5235
8.5498
8.4753
8.5461
8.5348
8.5237
8.4569
8.469
8.4544
8.4818
8.396
8.3876
8.4199
8.4024
8.3747
8.4077
8.3742
8.4056
8.3593
8.3736
8.3565
8.3277
8.3561
8.3724
8.3576
8.3286
8.3288
8.383
8.4186
8.305
8.2973
8.2934
8.2721
8.2886
8.3644
8.3421
8.3508
8.4496
8.3482
8.2666
8.2038
8.155
8.2143
8.1262
8.2125
8.1871
8.2332
8.1702
8.149
8.1817
8.052
8.0272
8.1114
8.0656
8.0807
8.1886
8.0471
8.1
7.9792
8.054
7.9746
8.0661
8.0666
7.9796
8.0177
7.9791
8.0566
7.9594
7.9872
8.0583
8.0256
7.9275
7.9985
8.0365
8.1129
8.1736
8.0737
8.0072
7.9995
7.9049
7.9566
7.9681
7.9327
7.8643
7.9122
7.8226
7.8414
7.8205
7.9358
7.9943
8.0232
8.0083
7.822
7.8682
7.8786
7.9123
7.8364
7.7938
7.8436
7.8284
7.7799
7.7528
7.6917
7.7332
7.6883
7.7264
7.6933
7.7232
7.7658
7.6075
7.6542
7.7313
7.5802
7.6724
7.6871
7.6245
7.5992
7.6239
7.6164
7.6787
7.6743
7.6874
7.8101
7.8171
7.7703
7.6671
7.6196
7.6051
7.5965
7.5743
7.5595
7.6832
7.7384
7.7214
7.6802
7.7434
7.8113
7.631
7.6407
7.5999
7.5835
7.5155
7.4862
7.4848
7.4619
7.4745
7.4589
7.4946
7.4507
7.3987
7.329
7.3359
7.3553
7.3679
7.2714
7.3224
7.2599
7.2441
7.3797
7.2647
7.2883
7.3335
7.3275
7.338
7.3053
7.2183
7.254
7.2556
7.2104
7.2849
7.3256
7.2456
7.4098
7.3697
7.4011
7.3424
7.345
7.3172
7.2952
7.2671
7.1784
7.2093
7.1503
7.2221
7.1456
7.1269
7.1085
7.1301
7.1413
7.1179
7.09
7.0914
7.0405
7.0492
7.1005
7.0549
7.0931
7.1556
7.056
7.0743
7.0957
7.0885
7.0026
7.0099
7.0473
7.0748
7.0413
6.9742
6.9574
6.9641
6.9571
7.0223
6.9409
6.916
6.9065
6.9394
6.9087
6.9568
6.9679
7.0011
6.9384
6.9745
6.9174
6.9755
6.9065
6.8275
6.8799
6.8908
6.8368
6.873
6.8779
6.9034
6.8799
6.86
6.7875
6.7871
6.7432
6.7842
6.8002
6.784
6.7546
6.8102
6.7549
6.7567
6.7782
6.8418
6.8098
6.7847
6.763
6.7268
6.7657
6.7421
6.6903
6.7067
6.7327
6.7069
6.7188
6.6847
6.6353
6.7036
6.7234
6.6931
6.7419
6.7412
6.7045
6.7104
6.707
6.6615
6.6548
6.6259
6.6216
6.5979
6.6281
6.5563
6.5933
6.5746
6.5835
6.5911
6.497
6.5452
6.5591
6.6154
6.6634
6.6277
6.6355
6.6611
6.7512
6.7521
6.7654
6.831
6.7773
6.8031
6.7498
6.7288
6.6397
6.5942
6.6674
6.6072
6.6367
6.584
6.5306
6.534
6.4681
6.5996
6.5221
6.5552
6.504
6.5316
6.5535
6.4872
6.4159
6.4223
6.4949
6.3694
6.433
6.3884
6.4396
6.4186
6.4529
6.3295
6.3428
6.3502
6.4133
6.281
6.3061
6.3473
6.3425
6.4156
6.4035
6.3717
6.317
6.3508
6.3743
6.3746
6.4122
6.3602
6.3867
6.315
6.3032
6.3167
6.3138
6.3205
6.2412
6.2277
6.242
6.2033
6.24
6.2156
6.1732
6.1441
6.1966
6.2518
6.1771
6.1569
6.1676
6.1103
6.1809
6.2389
6.1479
6.1586
6.142
6.1794
6.1477
6.1435
6.1496
6.0908
6.0541
6.1645
6.1227
6.0842
6.1076
6.0754
6.1289
6.0829
6.1108
6.0531
6.0871
6.0545
5.9913
6.0552
6.0543
6.0222
6.081
6.0728
6.0832
6.0708
6.1046
6.0403
6.0625
6.0584
6.0538
6.1172
6.0716
6.1153
6.0875
6.0612
6.0582
6.1166
6.0736
6.0167
5.9788
5.9838
5.9646
5.9427
5.9755
6.0179
5.9975
6.0488
6.0063
5.9451
5.9506
5.982
5.9384
5.9265
5.9353
5.9372
5.9272
5.9061
5.9115
5.9427
5.961
5.9105
5.9188
5.888
5.8606
5.9015
5.8881
5.8106
5.8412
5.8369
5.7936
5.8155
5.8026
5.8492
5.8083
5.8213
5.7757
5.7736
5.8362
5.7861
5.7627
5.78
5.7585
5.7494
5.827
5.7742
5.7851
5.7976
5.7208
5.7211
5.7716
5.7007
5.7824
5.7431
5.7394
5.6578
5.6697
5.7068
5.7421
5.7179
5.6726
5.6372
5.7733
5.6866
5.6732
5.6784
5.6819
5.6697
5.7067
5.6779
5.7075
5.6518
5.6686
5.6717
5.6269
5.5879
5.6276
5.5902
5.6085
5.6234
5.6394
5.6293
5.5977
5.6283
5.5722
5.5203
5.6307
5.6262
5.6246
5.6297
5.5762
5.5667
5.6011
5.5473
5.5459
5.6052
5.5535
5.5907
5.5047
5.5203
5.5232
5.5119
5.499
5.523
5.5443
5.6079
5.5556
5.5441
5.5459
5.5175
5.523
5.4759
5.5729
5.5286
5.4772
5.4787
5.4736
5.4815
5.4548
5.4273
5.4941
5.4563
5.4053
5.4631
5.4376
5.4699
5.4344
5.3811
5.4371
5.43
5.4572
5.4074
5.3856
5.4205
5.4119
5.443
5.4711
5.4253
5.4046
5.4032
5.4017
5.3956
5.3808
5.4221
5.4003
5.3618
5.3928
5.3378
5.3218
5.4009
5.3663
5.3856
5.3501
5.303
5.3809
5.3585
5.3333
5.2837
5.4149
5.3475
5.3684
5.3468
5.3208
5.3298
5.3845
5.3061
5.2921
5.2886
5.3486
5.3354
5.3241
5.3111
5.3638
5.2709
5.2328
5.2256
5.2607
5.2622
5.2364
5.2218
5.2349
5.2414
5.2087
5.2661
5.3711
5.316
5.2183
5.3256
5.3908
5.3734
5.3745
5.4385
5.4272
5.4585
5.4371
5.4642
5.4239
5.414
5.4429
5.3586
5.3534
5.332
5.2789
5.321
5.2256
5.1697
5.1932
5.1481
5.0804
5.0988
5.0782
5.1279
5.0853
5.111
5.1137
5.1788
5.1307
5.1649
5.1827
5.0372
5.1401
5.1437
5.1061
5.1307
5.0953
5.0285
5.1345
5.0792
5.0877
5.0693
5.0837
5.1052
5.0048
5.0264
5.0489
5.0804
5.069
5.1269
5.0907
5.0905
5.0996
5.0807
5.165
5.0948
5.1089
5.1366
5.1557
5.0687
5.1072
5.0904
5.0969
5.0556
5.042
4.9704
4.9422
4.9924
5.0254
4.9642
5.0085
5.0343
5.0264
5.098
5.0954
5.1764
5.1657
5.1157
5.0839
5.1652
5.138
5.0595
4.9976
4.9655
4.9802
4.9998
4.9778
4.9752
4.968
4.9323
4.9818
4.9892
4.9063
4.9378
4.9826
4.9033
4.8871
4.9704
4.982
4.9021
4.9451
5.0046
4.9484
4.9435
4.9052
4.9005
4.8691
4.9172
4.9278
4.9565
4.907
4.934
4.9573
4.8842
4.9236
4.8946
4.8434
4.7784
4.8319
4.7959
4.8575
4.8634
4.7651
4.8244
4.8387
4.79
4.7936
4.8755
4.8034
4.8299
4.8145
4.8146
4.8364
4.7694
4.7791
4.7699
4.7782
4.7814
4.8077
4.8335
4.8104
4.8264
4.7348
4.7468
4.8016
4.8046
4.803
4.8221
4.7778
4.7484
4.7812
4.761
4.7901
4.7571
4.7016
4.7284
4.7418
4.74
4.7563
4.7041
4.7146
4.7371
4.7768
4.7426
4.7014
4.6968
4.6968
4.6828
4.7081
4.734
4.7996
4.6421
4.6538
4.7078
4.6757
4.6615
4.6897
4.6271
4.6771
4.6283
4.6245
4.6942
4.7152
4.6795
4.6691
4.6068
4.7168
4.6417
4.6515
4.6883
4.6141
4.6448
4.6675
4.6414
4.5855
4.6256
4.6643
4.5982
4.7205
4.5744
4.5895
4.5891
4.5635
4.5835
4.5867
4.6061
4.5745
4.5909
4.5882
4.5707
4.5663
4.6236
4.6086
4.5677
4.5827
4.575
4.6203
4.5665
4.5493
4.5535
4.5133
4.5114
4.5169
4.5286
4.5502
4.6047
4.5417
4.6377
4.5657
4.5386
4.5695
4.6148
4.6717
4.7082
4.7044
4.6612
4.7561
4.7473
4.7372
4.6626
4.6538
4.6799
4.6564
4.6419
4.6111
4.5871
4.5916
4.5654
4.5746
4.5809
4.5761
4.5116
4.5461
4.5348
4.4646
4.4825
4.49
4.4894
4.47
4.4676
4.4101
4.4174
4.4299
4.388
4.4443
4.4902
4.4429
4.4278
4.4661
4.4286
4.417
4.4448
4.3821
4.3883
4.4564
4.4497
4.466
4.4348
4.4596
4.4179
4.3913
4.3405
4.3849
4.3418
4.4122
4.3561
4.3257
4.4728
4.4159
4.3731
4.3801
4.3556
4.3784
4.3658
4.3059
4.3061
4.3086
4.3769
4.3694
4.3239
4.3608
4.2928
4.2671
4.2968
4.3627
4.3156
4.3696
4.2709
4.3274
4.2795
4.3599
4.3551
4.3373
4.2485
4.2668
4.3004
4.2601
4.2977
4.2356
4.3199
4.3816
4.2959
4.3131
4.2854
4.2654
4.1534
4.2041
4.2509
4.3043
4.255
4.2526
4.2715
4.2838
4.246
4.1787
4.3036
4.2115
4.2432
4.2388
4.211
4.2282
4.3101
4.1813
4.1709
4.1712
4.2067
4.2277
4.2821
4.1959
4.2421
4.201
4.2561
4.2648
4.1951
4.2235
4.1747
4.1907
4.261
4.2034
4.1685
4.1463
4.1859
4.1798
4.2249
4.2265
4.2353
4.2891
4.2619
4.2647
4.2177
4.2266
4.2145
4.1934
4.1737
4.2135
4.2101
4.1204
4.1524
4.1799
4.175
4.1641
4.132
4.1231
4.1851
4.1703
4.1633
4.1528
4.2204
4.1131
4.1176
4.1329
4.0605
4.1846
4.1383
4.0592
4.1428
4.0919
4.0857
4.0889
4.0825
4.1044
4.0923
4.1476
4.1191
4.0973
4.0799
4.1158
4.0652
4.0623
4.1103
4.0563
4.1152
4.095
4.0708
4.0746
4.1373
4.097
4.1137
4.1254
4.1189
4.0796
4.1357
4.1467
4.0558
4.0303
4.0128
4.0545
4.0776
4.0971
4.0422
4.0161
4.028
4.065
4.0775
4.0413
3.9972
4.021
4.0034
4.097
4.0279
4.0565
4.0099
4.0325
4.0212
4.0175
4.0051
4.0133
4.0401
4.026
4.0594
4.0606
4.0012
3.9618
3.9772
4.0377
4.0156
3.9795
3.9609
3.9765
4.0099
3.9773
3.9924
3.9672
3.987
3.9853
4.0389
3.9818
3.9766
4.0213
3.9783
4.0226
3.9364
3.9737
3.9629
3.9856
3.9681
4.0011
3.9829
3.9072
3.9332
3.9473
3.9034
3.9593
3.9556
3.9368
3.9891
3.9527
3.9306
3.928
3.9291
3.9382
3.8896
3.9316
3.9134
3.8362
3.9085
3.9536
3.8751
3.8593
3.853
3.8502
3.8943
3.8786
3.8921
3.8986
3.903
3.9183
3.9391
3.9486
3.8815
3.8304
3.8701
3.9031
3.9098
3.871
3.8537
3.7979
3.8165
3.8724
3.9151
3.8463
3.8126
3.8655
3.8808
3.8265
3.8843
3.8773
3.8636
3.8788
3.8696
3.8426
3.8605
3.8534
3.8824
3.8672
3.8414
3.9026
3.8384
3.8081
3.8353
3.8281
3.8821
3.8082
3.8408
3.8414
3.7928
