X	Y
1	1.003423
2	1.008694
3	1.008373
4	1.004356
5	1.008168
6	1.016091
7	1.019222
8	1.015934
9	1.012372
10	1.010160
11	1.011278
12	1.010255
13	1.014073
14	1.009948
15	1.011980
16	1.011392
17	1.017869
18	1.019756
19	1.018708
20	1.015093
21	1.016866
22	1.016721
23	1.016961
24	1.019726
25	1.019708
26	1.018863
27	1.018843
28	1.019904
29	1.020769
30	1.021398
31	1.019848
32	1.020654
33	1.020896
34	1.021353
35	1.020905
36	1.021054
37	1.021035
38	1.024918
39	1.020954
40	1.020808
41	1.022365
42	1.017801
43	1.020630
44	1.018115
45	1.018679
46	1.018486
47	1.020807
48	1.016730
49	1.016998
50	1.015024
51	1.012842
52	1.009938
53	1.011189
54	1.010802
55	1.008679
56	1.008457
57	1.009116
58	1.009978
59	1.007554
60	1.006619
61	1.008597
62	1.009525
63	1.005057
64	1.006636
65	1.006339
66	1.009265
67	1.007771
68	1.007984
69	1.009100
70	1.006740
71	1.007183
72	1.007471
73	1.008001
74	1.008311
75	1.011685
76	1.009731
77	1.007627
78	1.009567
79	1.006887
80	1.011788
81	1.007409
82	1.010009
83	1.011779
84	1.009872
85	1.010277
86	1.009077
87	1.009504
88	1.008891
89	1.008471
90	1.010252
91	1.010044
92	1.006790
93	1.008526
94	1.006544
95	1.005344
96	1.008343
97	1.007154
98	1.005785
99	1.005102
100	1.009091
101	1.008078
102	1.004601
103	1.006153
104	1.001136
105	1.005657
106	1.003728
107	1.003498
108	1.003578
109	1.002017
110	1.001318
111	1.002663
112	1.001065
113	1.003305
114	1.002093
115	1.003417
116	1.001026
117	1.001199
118	1.001673
119	0.999558
120	0.996696
121	0.997576
122	1.002255
123	1.002350
124	0.999836
125	0.997404
126	1.000496
127	1.000102
128	1.004955
129	0.997301
130	0.997360
131	0.999119
132	0.998258
133	0.999546
134	0.998493
135	0.998691
136	0.997318
137	1.001511
138	0.999284
139	0.995790
140	1.001269
141	0.997184
142	0.999427
143	0.997750
144	0.999612
145	0.996881
146	0.995224
147	0.999230
148	0.998056
149	0.994920
150	0.998875
151	0.994231
152	0.997814
153	0.995589
154	0.994051
155	0.993475
156	0.993641
157	0.996480
158	0.994038
159	0.996320
160	0.994215
161	0.993684
162	0.992538
163	0.993716
164	0.996186
165	0.994220
166	0.996506
167	0.995583
168	0.993859
169	0.994663
170	0.994921
171	0.996073
172	0.996299
173	0.996770
174	0.997847
175	0.994779
176	0.990293
177	0.994448
178	0.994921
179	0.995835
180	0.994806
181	0.993551
182	0.991652
183	0.993892
184	0.987778
185	0.995695
186	0.996179
187	0.989474
188	0.994196
189	0.991399
190	0.987429
191	0.985314
192	0.989776
193	0.991800
194	0.989890
195	0.989872
196	0.991422
197	0.991495
198	0.992586
199	0.987183
200	0.992918
201	0.990402
202	0.993353
203	0.989619
204	0.987496
205	0.990565
206	0.988828
207	0.992597
208	0.990184
209	0.990888
210	0.992026
211	0.993123
212	0.988163
213	0.987045
214	0.983990
215	0.989405
216	0.992043
217	0.995164
218	0.989191
219	0.989028
220	0.989318
221	0.995017
222	0.985447
223	0.983498
224	0.987591
225	0.987810
226	0.987075
227	0.986097
228	0.987532
229	0.993426
230	0.992264
231	0.985894
232	0.985416
233	0.985272
234	0.985590
235	0.986853
236	0.988968
237	0.988095
238	0.989408
239	0.985999
240	0.988039
241	0.987267
242	0.990306
243	0.985154
244	0.987238
245	0.984892
246	0.991863
247	0.988435
248	0.986190
249	0.985137
250	0.987331
251	0.985591
252	0.982883
253	0.991135
254	0.989674
255	0.989115
256	0.989628
257	0.983803
258	0.980149
259	0.984117
260	0.982967
261	0.984682
262	0.990013
263	0.989886
264	0.989881
265	0.981668
266	0.982378
267	0.986523
268	0.985157
269	0.983799
270	0.986420
271	0.981546
272	0.987117
273	0.985804
274	0.990438
275	0.985179
276	0.983487
277	0.982671
278	0.982802
279	0.984891
280	0.987724
281	0.984345
282	0.983495
283	0.983453
284	0.984314
285	0.981521
286	0.981176
287	0.981984
288	0.985202
289	0.985657
290	0.984747
291	0.982762
292	0.984198
293	0.981284
294	0.980646
295	0.982903
296	0.982758
297	0.983519
298	0.978579
299	0.982081
300	0.982012
301	0.984523
302	0.980767
303	0.986847
304	0.983163
305	0.985563
306	0.981684
307	0.983334
308	0.982925
309	0.982708
310	0.984127
311	0.982935
312	0.985109
313	0.983009
314	0.980535
315	0.980352
316	0.977896
317	0.979804
318	0.982025
319	0.980628
320	0.986140
321	0.986317
322	0.982045
323	0.982735
324	0.980899
325	0.983197
326	0.980451
327	0.979632
328	0.982396
329	0.985405
330	0.979264
331	0.979244
332	0.982246
333	0.984590
334	0.984374
335	0.977242
336	0.983006
337	0.979509
338	0.980194
339	0.976163
340	0.977682
341	0.983208
342	0.984466
343	0.979080
344	0.978517
345	0.977364
346	0.973292
347	0.975718
348	0.979902
349	0.980261
350	0.978584
351	0.979891
352	0.979602
353	0.980789
354	0.982391
355	0.976719
356	0.982733
357	0.979246
358	0.975821
359	0.977868
360	0.979079
361	0.981235
362	0.978279
363	0.976796
364	0.982029
365	0.985679
366	0.980278
367	0.985293
368	0.983201
369	0.982632
370	0.982875
371	0.984071
372	0.978710
373	0.980598
374	0.975527
375	0.979437
376	0.970228
377	0.967922
378	0.972254
379	0.979487
380	0.977048
381	0.981616
382	0.976186
383	0.982185
384	0.980305
385	0.976080
386	0.982941
387	0.978501
388	0.982789
389	0.979073
390	0.981710
391	0.977410
392	0.974074
393	0.973249
394	0.983558
395	0.979609
396	0.979499
397	0.978495
398	0.978383
399	0.979101
400	0.981667
401	0.980887
402	0.977384
403	0.977090
404	0.975839
405	0.982173
406	0.980855
407	0.981181
408	0.979740
409	0.975875
410	0.981036
411	0.977400
412	0.975115
413	0.973447
414	0.972935
415	0.976012
416	0.980757
417	0.980161
418	0.979701
419	0.978070
420	0.971806
421	0.974927
422	0.974522
423	0.978305
424	0.978734
425	0.971430
426	0.969957
427	0.975774
428	0.975987
429	0.977989
430	0.974407
431	0.974700
432	0.976050
433	0.975491
434	0.977141
435	0.970974
436	0.974193
437	0.970434
438	0.972337
439	0.969914
440	0.977565
441	0.975619
442	0.978834
443	0.980909
444	0.973930
445	0.974487
446	0.973322
447	0.969638
448	0.968540
449	0.970257
450	0.969932
451	0.972708
452	0.977690
453	0.976261
454	0.970991
455	0.970724
456	0.973770
457	0.972455
458	0.972859
459	0.963789
460	0.963618
461	0.965682
462	0.973303
463	0.974231
464	0.975849
465	0.978410
466	0.973583
467	0.971669
468	0.973590
469	0.975740
470	0.970661
471	0.972533
472	0.974171
473	0.970473
474	0.975991
475	0.973673
476	0.968532
477	0.972707
478	0.971951
479	0.971086
480	0.964826
481	0.972884
482	0.970860
483	0.968543
484	0.978887
485	0.973380
486	0.974367
487	0.971466
488	0.977176
489	0.967746
490	0.970710
491	0.958525
492	0.948782
493	0.956771
494	0.962459
495	0.964868
496	0.968658
497	0.969821
498	0.969434
499	0.975203
500	0.973765
501	0.966133
502	0.972122
503	0.974874
504	0.970599
505	0.965414
506	0.967776
507	0.964197
508	0.969759
509	0.976912
510	0.971553
511	0.966586
512	0.966185
513	0.967848
514	0.965705
515	0.950145
516	0.932449
517	0.906628
518	0.913909
519	0.942322
520	0.958236
521	0.971828
522	0.966235
523	0.967239
524	0.967462
525	0.969078
526	0.972692
527	0.973011
528	0.973700
529	0.971623
530	0.977579
531	0.971246
532	0.972862
533	0.976693
534	0.972919
535	0.970150
536	0.974442
537	0.970554
538	0.972726
539	0.972488
540	0.972563
541	0.969775
542	0.974093
543	0.972631
544	0.969396
545	0.966200
546	0.977448
547	0.973153
548	0.974032
549	0.971593
550	0.975426
551	0.973665
552	0.970442
553	0.973198
554	0.968242
555	0.967749
556	0.967821
557	0.973721
558	0.965780
559	0.965541
560	0.970254
561	0.964971
562	0.968857
563	0.970036
564	0.967093
565	0.974957
566	0.966668
567	0.973681
568	0.969384
569	0.971409
570	0.971359
571	0.967084
572	0.966358
573	0.971316
574	0.971367
575	0.979611
576	0.973471
577	0.969613
578	0.965235
579	0.971448
580	0.975135
581	0.969790
582	0.969466
583	0.969321
584	0.963259
585	0.967153
586	0.972326
587	0.971557
588	0.972288
589	0.965617
590	0.965497
591	0.969991
592	0.961826
593	0.963774
594	0.963354
595	0.962399
596	0.970100
597	0.969134
598	0.968178
599	0.970970
600	0.970535
601	0.970527
602	0.967801
603	0.972870
604	0.971605
605	0.971051
606	0.966743
607	0.973439
608	0.966773
609	0.966792
610	0.962739
611	0.962864
612	0.960278
613	0.968186
614	0.966709
615	0.965894
616	0.971237
617	0.968764
618	0.967082
619	0.966847
620	0.973124
621	0.971080
622	0.967634
623	0.966972
624	0.963571
625	0.967981
626	0.955682
627	0.964987
628	0.972857
629	0.966014
630	0.969446
631	0.967675
632	0.964083
633	0.965746
634	0.962883
635	0.965250
636	0.968578
637	0.970013
638	0.968062
639	0.963509
640	0.967719
641	0.961633
642	0.958667
643	0.965895
644	0.965005
645	0.964167
646	0.966214
647	0.968596
648	0.961761
649	0.961611
650	0.970520
651	0.964644
652	0.961050
653	0.964424
654	0.963071
655	0.962281
656	0.962279
657	0.961286
658	0.962260
659	0.959954
660	0.970838
661	0.964415
662	0.952655
663	0.947212
664	0.928582
665	0.924333
666	0.931310
667	0.945961
668	0.954915
669	0.959652
670	0.961296
671	0.965916
672	0.963593
673	0.964076
674	0.968385
675	0.959027
676	0.964559
677	0.963000
678	0.965133
679	0.966213
680	0.964677
681	0.963961
682	0.970061
683	0.964082
684	0.962698
685	0.968165
686	0.959349
687	0.957554
688	0.966742
689	0.956580
690	0.963043
691	0.967138
692	0.959101
693	0.961351
694	0.962631
695	0.967621
696	0.963060
697	0.962595
698	0.966900
699	0.958324
700	0.961945
701	0.961932
702	0.959661
703	0.966209
704	0.955563
705	0.958816
706	0.961861
707	0.954346
708	0.939948
709	0.923053
710	0.875023
711	0.861654
712	0.872028
713	0.908526
714	0.927870
715	0.937735
716	0.952770
717	0.960081
718	0.958954
719	0.955140
720	0.958391
721	0.961862
722	0.957527
723	0.962141
724	0.959884
725	0.958893
726	0.962311
727	0.963148
728	0.962240
729	0.963533
730	0.964012
731	0.960212
732	0.960280
733	0.958049
734	0.961197
735	0.964527
736	0.959215
737	0.965585
738	0.966418
739	0.964048
740	0.957532
741	0.959908
742	0.964936
743	0.960220
744	0.965714
745	0.961814
746	0.962958
747	0.960789
748	0.966137
749	0.962713
750	0.959268
751	0.956884
752	0.966857
753	0.968542
754	0.964988
755	0.961919
756	0.959153
757	0.960723
758	0.961812
759	0.967474
760	0.963962
761	0.965932
762	0.955455
763	0.961779
764	0.962604
765	0.962761
766	0.974257
767	0.961930
768	0.963046
769	0.964331
770	0.956968
771	0.967133
772	0.968045
773	0.965781
774	0.969054
775	0.967764
776	0.963526
777	0.957597
778	0.964431
779	0.967143
780	0.956833
781	0.953261
782	0.957251
783	0.967889
784	0.953283
785	0.960426
786	0.961973
787	0.963051
788	0.961148
789	0.964820
790	0.962862
791	0.965375
792	0.962450
793	0.963396
794	0.957697
795	0.965309
796	0.961785
797	0.963966
798	0.960102
799	0.959263
800	0.955166
801	0.954188
802	0.951790
803	0.940900
804	0.941827
805	0.942158
806	0.937445
807	0.938059
808	0.938126
809	0.944590
810	0.939547
811	0.954586
812	0.960037
813	0.953457
814	0.958166
815	0.957417
816	0.964533
817	0.963309
818	0.957929
819	0.963941
820	0.961442
821	0.951953
822	0.956873
823	0.958861
824	0.967797
825	0.959361
826	0.955698
827	0.956730
828	0.959798
829	0.961729
830	0.955042
831	0.954376
832	0.957905
833	0.955150
834	0.953576
835	0.954128
836	0.957476
837	0.961224
838	0.960893
839	0.960283
840	0.961198
841	0.959509
842	0.957623
843	0.957141
844	0.956881
845	0.954423
846	0.956264
847	0.959317
848	0.969967
849	0.968909
850	0.954118
851	0.955952
852	0.958461
853	0.955010
854	0.958781
855	0.959989
856	0.951278
857	0.955307
858	0.953931
859	0.955288
860	0.958049
861	0.959312
862	0.953525
863	0.950416
864	0.961939
865	0.959755
866	0.955188
867	0.949415
868	0.960789
869	0.951587
870	0.954438
871	0.956850
872	0.954296
873	0.956993
874	0.953829
875	0.959876
876	0.951830
877	0.960477
878	0.950907
879	0.951690
880	0.957912
881	0.961748
882	0.960712
883	0.958286
884	0.952995
885	0.949462
886	0.944668
887	0.949194
888	0.934710
889	0.910842
890	0.868280
891	0.845916
892	0.833610
893	0.860288
894	0.890836
895	0.908937
896	0.926840
897	0.934379
898	0.939499
899	0.943942
900	0.942782
901	0.947775
902	0.951534
903	0.955507
904	0.954158
905	0.953976
906	0.947631
907	0.953076
908	0.962838
909	0.948879
910	0.954671
911	0.948469
912	0.947460
913	0.954469
914	0.954974
915	0.954027
916	0.951705
917	0.954077
918	0.954584
919	0.953507
920	0.950390
921	0.953294
922	0.954362
923	0.955566
924	0.952312
925	0.959603
926	0.952905
927	0.955808
928	0.954606
929	0.945219
930	0.948271
931	0.954553
932	0.949907
933	0.951288
934	0.950976
935	0.951100
936	0.949440
937	0.950496
938	0.955862
939	0.951377
940	0.949302
941	0.950226
942	0.950024
943	0.944007
944	0.952379
945	0.956505
946	0.953392
947	0.950019
948	0.944838
949	0.945675
950	0.952944
951	0.943891
952	0.948096
953	0.952197
954	0.952599
955	0.958837
956	0.953779
957	0.954238
958	0.952267
959	0.954997
960	0.952115
961	0.954861
962	0.954237
963	0.948396
964	0.949102
965	0.948133
966	0.951937
967	0.947899
968	0.949624
969	0.946213
970	0.948281
971	0.955753
972	0.947153
973	0.958800
974	0.954686
975	0.951084
976	0.950250
977	0.953752
978	0.955391
979	0.948950
980	0.954473
981	0.948127
982	0.951136
983	0.953777
984	0.952081
985	0.955980
986	0.951042
987	0.944461
988	0.956620
989	0.945397
990	0.950971
991	0.954585
992	0.951075
993	0.949145
994	0.953941
995	0.954356
996	0.946970
997	0.950931
998	0.952193
999	0.946407
1000	0.949826
1001	0.949160
1002	0.949083
1003	0.946467
1004	0.943389
1005	0.945786
1006	0.943135
1007	0.946280
1008	0.946611
1009	0.948198
1010	0.947965
1011	0.943514
1012	0.950581
1013	0.953207
1014	0.940039
1015	0.941747
1016	0.938044
1017	0.944730
1018	0.946289
1019	0.949730
1020	0.954030
1021	0.949123
1022	0.949640
1023	0.947457
1024	0.943212
1025	0.954017
1026	0.953968
1027	0.951288
1028	0.948698
1029	0.942688
1030	0.951675
1031	0.951470
1032	0.942527
1033	0.948876
1034	0.949517
1035	0.942090
1036	0.943306
1037	0.933127
1038	0.942773
1039	0.945114
1040	0.942773
1041	0.935722
1042	0.940049
1043	0.936588
1044	0.933419
1045	0.943390
1046	0.935597
1047	0.941013
1048	0.947036
1049	0.946710
1050	0.950580
1051	0.943462
1052	0.947169
1053	0.945585
1054	0.948674
1055	0.943735
1056	0.942397
1057	0.946380
1058	0.939451
1059	0.943388
1060	0.949394
1061	0.948371
1062	0.955437
1063	0.945933
1064	0.946000
1065	0.946876
1066	0.948950
1067	0.941817
1068	0.938729
1069	0.933355
1070	0.942004
1071	0.949681
1072	0.947311
1073	0.942594
1074	0.949962
1075	0.946567
1076	0.941341
1077	0.941469
1078	0.943537
1079	0.934837
1080	0.946884
1081	0.944637
1082	0.945655
1083	0.944087
1084	0.936008
1085	0.950889
1086	0.944847
1087	0.935892
1088	0.941081
1089	0.954341
1090	0.946068
1091	0.942588
1092	0.945886
1093	0.942653
1094	0.932843
1095	0.941943
1096	0.942718
1097	0.932538
1098	0.937855
1099	0.938387
1100	0.929714
1101	0.948085
1102	0.942017
1103	0.936999
1104	0.935804
1105	0.942544
1106	0.943370
1107	0.946999
1108	0.953780
1109	0.945335
1110	0.940169
1111	0.939506
1112	0.935513
1113	0.941550
1114	0.945709
1115	0.938633
1116	0.938240
1117	0.937917
1118	0.945497
1119	0.945768
1120	0.942448
1121	0.942127
1122	0.945638
1123	0.948339
1124	0.942267
1125	0.937209
1126	0.945329
1127	0.949508
1128	0.948145
1129	0.934269
1130	0.935895
1131	0.938592
1132	0.935975
1133	0.943651
1134	0.935852
1135	0.942322
1136	0.937925
1137	0.939015
1138	0.944331
1139	0.939084
1140	0.935648
1141	0.936252
1142	0.938485
1143	0.940333
1144	0.943139
1145	0.946599
1146	0.938754
1147	0.935792
1148	0.935685
1149	0.940322
1150	0.938299
1151	0.940131
1152	0.935373
1153	0.941669
1154	0.936456
1155	0.939965
1156	0.941886
1157	0.939533
1158	0.942739
1159	0.940486
1160	0.945644
1161	0.939086
1162	0.931651
1163	0.936911
1164	0.937832
1165	0.932473
1166	0.939105
1167	0.937866
1168	0.937480
1169	0.933724
1170	0.937359
1171	0.937339
1172	0.933260
1173	0.938047
1174	0.939348
1175	0.925576
1176	0.932716
1177	0.933439
1178	0.932645
1179	0.933762
1180	0.939599
1181	0.928322
1182	0.928943
1183	0.933932
1184	0.939391
1185	0.932416
1186	0.933940
1187	0.926537
1188	0.935957
1189	0.931689
1190	0.927377
1191	0.930116
1192	0.930846
1193	0.922953
1194	0.922107
1195	0.911826
1196	0.899099
1197	0.885553
1198	0.867570
1199	0.829676
1200	0.792675
1201	0.749948
1202	0.713898
1203	0.690509
1204	0.679188
1205	0.690139
1206	0.722647
1207	0.765976
1208	0.802767
1209	0.831590
1210	0.855190
1211	0.882353
1212	0.897292
1213	0.906061
1214	0.903701
1215	0.917505
1216	0.920226
1217	0.928512
1218	0.928920
1219	0.929489
1220	0.934129
1221	0.932301
1222	0.931952
1223	0.930359
1224	0.939295
1225	0.930686
1226	0.922810
1227	0.930548
1228	0.933160
1229	0.929506
1230	0.933387
1231	0.934425
1232	0.932668
1233	0.945703
1234	0.938320
1235	0.939308
1236	0.931338
1237	0.928584
1238	0.927432
1239	0.938323
1240	0.936776
1241	0.932551
1242	0.934031
1243	0.936612
1244	0.938540
1245	0.938430
1246	0.936088
1247	0.941778
1248	0.940884
1249	0.938519
1250	0.936449
1251	0.938115
1252	0.931288
1253	0.939446
1254	0.934059
1255	0.941157
1256	0.941024
1257	0.937932
1258	0.932077
1259	0.934764
1260	0.934016
1261	0.931147
1262	0.929477
1263	0.935738
1264	0.927522
1265	0.915018
1266	0.919538
1267	0.915015
1268	0.920293
1269	0.919013
1270	0.915676
1271	0.915477
1272	0.923392
1273	0.931126
1274	0.928739
1275	0.929549
1276	0.925878
1277	0.924024
1278	0.936222
1279	0.939215
1280	0.937176
1281	0.937606
1282	0.929795
1283	0.934389
1284	0.933169
1285	0.934977
1286	0.941065
1287	0.939794
1288	0.933606
1289	0.940566
1290	0.938599
1291	0.931140
1292	0.926169
1293	0.934219
1294	0.931426
1295	0.926182
1296	0.933842
1297	0.932994
1298	0.937350
1299	0.934493
1300	0.932633
1301	0.939010
1302	0.935585
1303	0.933840
1304	0.937801
1305	0.937227
1306	0.942164
1307	0.934232
1308	0.939061
1309	0.929320
1310	0.931355
1311	0.927920
1312	0.934545
1313	0.933518
1314	0.934139
1315	0.925051
1316	0.938178
1317	0.932516
1318	0.921131
1319	0.933289
1320	0.934766
1321	0.939564
1322	0.938585
1323	0.931735
1324	0.935498
1325	0.930248
1326	0.931916
1327	0.931471
1328	0.932476
1329	0.933351
1330	0.932398
1331	0.926035
1332	0.928772
1333	0.924862
1334	0.927367
1335	0.934165
1336	0.930203
1337	0.927619
1338	0.922540
1339	0.923999
1340	0.925045
1341	0.939975
1342	0.925992
1343	0.924420
1344	0.926204
1345	0.931704
1346	0.923157
1347	0.939091
1348	0.938734
1349	0.925479
1350	0.930916
1351	0.929397
1352	0.925584
1353	0.929040
1354	0.925460
1355	0.931437
1356	0.919577
1357	0.928245
1358	0.935883
1359	0.929433
1360	0.929747
1361	0.934508
1362	0.937437
1363	0.935801
1364	0.927387
1365	0.936496
1366	0.934713
1367	0.923885
1368	0.931981
1369	0.931345
1370	0.928841
1371	0.934515
1372	0.930734
1373	0.928966
1374	0.937231
1375	0.927432
1376	0.939422
1377	0.926575
1378	0.927995
1379	0.931291
1380	0.933374
1381	0.930433
1382	0.925464
1383	0.928734
1384	0.928173
1385	0.932151
1386	0.930489
1387	0.929170
1388	0.924630
1389	0.926758
1390	0.929291
1391	0.930452
1392	0.928927
1393	0.931293
1394	0.927356
1395	0.922817
1396	0.925360
1397	0.925916
1398	0.921462
1399	0.929556
1400	0.929046
1401	0.922615
1402	0.916421
1403	0.923190
1404	0.920912
1405	0.923313
1406	0.924500
1407	0.926143
1408	0.933855
1409	0.929400
1410	0.925360
1411	0.935246
1412	0.924248
1413	0.919507
1414	0.919023
1415	0.928161
1416	0.925342
1417	0.933141
1418	0.926653
1419	0.927938
1420	0.930837
1421	0.926706
1422	0.924510
1423	0.923112
1424	0.929120
1425	0.929981
1426	0.922450
1427	0.929115
1428	0.922145
1429	0.927768
1430	0.924896
1431	0.925093
1432	0.926286
1433	0.920821
1434	0.926773
1435	0.928920
1436	0.925291
1437	0.920645
1438	0.917680
1439	0.920467
1440	0.922553
1441	0.928931
1442	0.920096
1443	0.921467
1444	0.926980
1445	0.924634
1446	0.924162
1447	0.919240
1448	0.928903
1449	0.924569
1450	0.920975
1451	0.921595
1452	0.919984
1453	0.924852
1454	0.913583
1455	0.924797
1456	0.934597
1457	0.923527
1458	0.919463
1459	0.922129
1460	0.925961
1461	0.930891
1462	0.923065
1463	0.926566
1464	0.921994
1465	0.926694
1466	0.920193
1467	0.930773
1468	0.929850
1469	0.921211
1470	0.924284
1471	0.920404
1472	0.911012
1473	0.922477
1474	0.923262
1475	0.920842
1476	0.917948
1477	0.920856
1478	0.918343
1479	0.918493
1480	0.919635
1481	0.925660
1482	0.920784
1483	0.924683
1484	0.922315
1485	0.921938
1486	0.927958
1487	0.924115
1488	0.921941
1489	0.921481
1490	0.918350
1491	0.926215
1492	0.922007
1493	0.914803
1494	0.924383
1495	0.920425
1496	0.914621
1497	0.916071
1498	0.918297
1499	0.923987
1500	0.924471
1501	0.923132
1502	0.916760
1503	0.918897
1504	0.913950
1505	0.916559
1506	0.919309
1507	0.918183
1508	0.923075
1509	0.914095
1510	0.916926
1511	0.911694
1512	0.910140
1513	0.919858
1514	0.923136
1515	0.929071
1516	0.920921
1517	0.915214
1518	0.919899
1519	0.922832
1520	0.914803
1521	0.921957
1522	0.919404
1523	0.919869
1524	0.911068
1525	0.923759
1526	0.919915
1527	0.916513
1528	0.922077
1529	0.914016
1530	0.914859
1531	0.915489
1532	0.917405
1533	0.915411
1534	0.917018
1535	0.911273
1536	0.923259
1537	0.913882
1538	0.906333
1539	0.911362
1540	0.911306
1541	0.907850
1542	0.902530
1543	0.901800
1544	0.901988
1545	0.909128
1546	0.903568
1547	0.893788
1548	0.887063
1549	0.884932
1550	0.887502
1551	0.895842
1552	0.892027
1553	0.890267
1554	0.899960
1555	0.895308
1556	0.905241
1557	0.909928
1558	0.905886
1559	0.907628
1560	0.907222
1561	0.911600
1562	0.915103
1563	0.911955
1564	0.914273
1565	0.909661
1566	0.908794
1567	0.908350
1568	0.921158
1569	0.915253
1570	0.910705
1571	0.907856
1572	0.907169
1573	0.913404
1574	0.909862
1575	0.909668
1576	0.909596
1577	0.906361
1578	0.909719
1579	0.915284
1580	0.909191
1581	0.907884
1582	0.913760
1583	0.910140
1584	0.909525
1585	0.900634
1586	0.902017
1587	0.898041
1588	0.900606
1589	0.897567
1590	0.891681
1591	0.885808
1592	0.877971
1593	0.863654
1594	0.846860
1595	0.823262
1596	0.792763
1597	0.757972
1598	0.730855
1599	0.702550
1600	0.672857
1601	0.653672
1602	0.641422
1603	0.628956
1604	0.632353
1605	0.643838
1606	0.659273
1607	0.680842
1608	0.710847
1609	0.742447
1610	0.773916
1611	0.802015
1612	0.822457
1613	0.836465
1614	0.848912
1615	0.852806
1616	0.859562
1617	0.860186
1618	0.874940
1619	0.872194
1620	0.874515
1621	0.885080
1622	0.882251
1623	0.881900
1624	0.889621
1625	0.894470
1626	0.890208
1627	0.900817
1628	0.896720
1629	0.900142
1630	0.909573
1631	0.905124
1632	0.908867
1633	0.909683
1634	0.909016
1635	0.903564
1636	0.904534
1637	0.911409
1638	0.907032
1639	0.896308
1640	0.903513
1641	0.899328
1642	0.900024
1643	0.904837
1644	0.906003
1645	0.905995
1646	0.904402
1647	0.906605
1648	0.905656
1649	0.907252
1650	0.902581
1651	0.908208
1652	0.906891
1653	0.907945
1654	0.909257
1655	0.906123
1656	0.911170
1657	0.910453
1658	0.913591
1659	0.910001
1660	0.910169
1661	0.909573
1662	0.911037
1663	0.906655
1664	0.905663
1665	0.911748
1666	0.917143
1667	0.914322
1668	0.912907
1669	0.910265
1670	0.919271
1671	0.912807
1672	0.912108
1673	0.912019
1674	0.910216
1675	0.906466
1676	0.911976
1677	0.904260
1678	0.906689
1679	0.917119
1680	0.910975
1681	0.915873
1682	0.909930
1683	0.914706
1684	0.916001
1685	0.918831
1686	0.915861
1687	0.904319
1688	0.913425
1689	0.915456
1690	0.913055
1691	0.909882
1692	0.915937
1693	0.906709
1694	0.917556
1695	0.912108
1696	0.925467
1697	0.914939
1698	0.911073
1699	0.918359
1700	0.913199
1701	0.906797
1702	0.911483
1703	0.911055
1704	0.910823
1705	0.907846
1706	0.911882
1707	0.911469
1708	0.912311
1709	0.913223
1710	0.917690
1711	0.917532
1712	0.917696
1713	0.906611
1714	0.908358
1715	0.917092
1716	0.909531
1717	0.908023
1718	0.915648
1719	0.909498
1720	0.908658
1721	0.911718
1722	0.913730
1723	0.907989
1724	0.910751
1725	0.913941
1726	0.905794
1727	0.905206
1728	0.908551
1729	0.914833
1730	0.906512
1731	0.918372
1732	0.910349
1733	0.902560
1734	0.912288
1735	0.913485
1736	0.896361
1737	0.908982
1738	0.907250
1739	0.910515
1740	0.907230
1741	0.907534
1742	0.912581
1743	0.905136
1744	0.911568
1745	0.908032
1746	0.907120
1747	0.911543
1748	0.915120
1749	0.916750
1750	0.908163
1751	0.908789
1752	0.907189
1753	0.914443
1754	0.905845
1755	0.902389
1756	0.906915
1757	0.909188
1758	0.916731
1759	0.912440
1760	0.911782
1761	0.908674
1762	0.899170
1763	0.910522
1764	0.900571
1765	0.917025
1766	0.912052
1767	0.904819
1768	0.911249
1769	0.910872
1770	0.906629
1771	0.907084
1772	0.911554
1773	0.903526
1774	0.896271
1775	0.910720
1776	0.911865
1777	0.897464
1778	0.909193
1779	0.911351
1780	0.902218
1781	0.899628
1782	0.892292
1783	0.892195
1784	0.899067
1785	0.890850
1786	0.885902
1787	0.884463
1788	0.882841
1789	0.886248
1790	0.883702
1791	0.887589
1792	0.879655
1793	0.883185
1794	0.890181
1795	0.886446
1796	0.893305
1797	0.891720
1798	0.901205
1799	0.897701
1800	0.902572
1801	0.894556
1802	0.896062
1803	0.906750
1804	0.906292
1805	0.901040
1806	0.909238
1807	0.907905
1808	0.900767
1809	0.912925
1810	0.906816
1811	0.907971
1812	0.908247
1813	0.909391
1814	0.904157
1815	0.898194
1816	0.901747
1817	0.904661
1818	0.904688
1819	0.911066
1820	0.908358
1821	0.905441
1822	0.903875
1823	0.909959
1824	0.909229
1825	0.914767
1826	0.904637
1827	0.905707
1828	0.906195
1829	0.909009
1830	0.911952
1831	0.913850
1832	0.904632
1833	0.910685
1834	0.903639
1835	0.906299
1836	0.912373
1837	0.902399
1838	0.916253
1839	0.907422
1840	0.907316
1841	0.906601
1842	0.910992
1843	0.907152
1844	0.916090
1845	0.910120
1846	0.911333
1847	0.908366
1848	0.905295
1849	0.911490
1850	0.915615
1851	0.909898
1852	0.909636
1853	0.912339
1854	0.904802
1855	0.909765
1856	0.905551
1857	0.911394
1858	0.911404
1859	0.922918
1860	0.910577
1861	0.903829
1862	0.908140
1863	0.912525
1864	0.913158
1865	0.913024
1866	0.911918
1867	0.904826
1868	0.904745
1869	0.914060
1870	0.902597
1871	0.915937
1872	0.916064
1873	0.909255
1874	0.907067
1875	0.910060
1876	0.914271
1877	0.905995
1878	0.909912
1879	0.909236
1880	0.911197
1881	0.905996
1882	0.906597
1883	0.905997
1884	0.914807
1885	0.913297
1886	0.905398
1887	0.909946
1888	0.910879
1889	0.909594
1890	0.903436
1891	0.907297
1892	0.909053
1893	0.915682
1894	0.916323
1895	0.924255
1896	0.912044
1897	0.907547
1898	0.907725
1899	0.898561
1900	0.906686
1901	0.908818
1902	0.904577
1903	0.896241
1904	0.907353
1905	0.904301
1906	0.909223
1907	0.902657
1908	0.902131
1909	0.908009
1910	0.906607
1911	0.905060
1912	0.906134
1913	0.912315
1914	0.907027
1915	0.910784
1916	0.907459
1917	0.904777
1918	0.907498
1919	0.900369
1920	0.902366
1921	0.902775
1922	0.904002
1923	0.913560
1924	0.901529
1925	0.898993
1926	0.899510
1927	0.900516
1928	0.906919
1929	0.902420
1930	0.910148
1931	0.901015
1932	0.903325
1933	0.904687
1934	0.903202
1935	0.908493
1936	0.909585
1937	0.903786
1938	0.908798
1939	0.905748
1940	0.912112
1941	0.907582
1942	0.906450
1943	0.905616
1944	0.908296
1945	0.899055
1946	0.901170
1947	0.906636
1948	0.907215
1949	0.906156
1950	0.898537
1951	0.910322
1952	0.910407
1953	0.908974
1954	0.905308
1955	0.908785
1956	0.908278
1957	0.908383
1958	0.912615
1959	0.910625
1960	0.912294
1961	0.913064
1962	0.911629
1963	0.907577
1964	0.908831
1965	0.911090
1966	0.903521
1967	0.916304
1968	0.915296
1969	0.910123
1970	0.906732
1971	0.914918
1972	0.919647
1973	0.910766
1974	0.903453
1975	0.910299
1976	0.911170
1977	0.910407
1978	0.915547
1979	0.912660
1980	0.911771
1981	0.912589
1982	0.913056
1983	0.902220
1984	0.915048
1985	0.918629
1986	0.913007
1987	0.911514
1988	0.908761
1989	0.908268
1990	0.906682
1991	0.913066
1992	0.910283
1993	0.909873
1994	0.913205
1995	0.906275
1996	0.907255
1997	0.916315
1998	0.906923
1999	0.909220
2000	0.914194
2001	0.903777
2002	0.908891
2003	0.911745
2004	0.914789
2005	0.909684
2006	0.912538
2007	0.906118
2008	0.909183
2009	0.903445
2010	0.910806
2011	0.917894
2012	0.912053
2013	0.912333
2014	0.916458
2015	0.913382
2016	0.910770
2017	0.905050
2018	0.920524
2019	0.919081
2020	0.912850
2021	0.908581
2022	0.906828
2023	0.913633
2024	0.910885
2025	0.907986
2026	0.912189
2027	0.910117
2028	0.912208
2029	0.903768
2030	0.914227
2031	0.911867
2032	0.910767
2033	0.903922
2034	0.909693
2035	0.912007
2036	0.915486
2037	0.910136
2038	0.910344
2039	0.909935
2040	0.914154
2041	0.907931
2042	0.907465
2043	0.903466
2044	0.911605
2045	0.912777
2046	0.906467
2047	0.912159
2048	0.911348
2049	0.913733
2050	0.908455
2051	0.909153
2052	0.912494
2053	0.911361
2054	0.912255
2055	0.912963
2056	0.905915
2057	0.912877
2058	0.914181
2059	0.904477
2060	0.908050
2061	0.910601
2062	0.915411
2063	0.907279
2064	0.917175
2065	0.913276
2066	0.914414
2067	0.913326
2068	0.912283
2069	0.904443
2070	0.910310
2071	0.907012
2072	0.901423
2073	0.910153
2074	0.914544
2075	0.911825
2076	0.913207
2077	0.915308
2078	0.906825
2079	0.907783
2080	0.904436
2081	0.911260
2082	0.913151
2083	0.913807
2084	0.907557
2085	0.908153
2086	0.906595
2087	0.912362
2088	0.904477
2089	0.903323
2090	0.914270
2091	0.911040
2092	0.906521
2093	0.905152
2094	0.911820
2095	0.908493
2096	0.907787
2097	0.916730
2098	0.918205
2099	0.900360
2100	0.909848
2101	0.903410
2102	0.905153
2103	0.913791
2104	0.908678
2105	0.910342
2106	0.916366
2107	0.908543
2108	0.910873
2109	0.911675
2110	0.915170
2111	0.910052
2112	0.906278
2113	0.910415
2114	0.916960
2115	0.915785
2116	0.915637
2117	0.908243
2118	0.910125
2119	0.911017
2120	0.905077
2121	0.912604
2122	0.909622
2123	0.897125
2124	0.899232
2125	0.903497
2126	0.914137
2127	0.907229
2128	0.905929
2129	0.912817
2130	0.906954
2131	0.902727
2132	0.909248
2133	0.902035
2134	0.909798
2135	0.907583
2136	0.907006
2137	0.909488
2138	0.905134
2139	0.907722
2140	0.913786
2141	0.909865
2142	0.921490
2143	0.906328
2144	0.905008
2145	0.920367
2146	0.916855
2147	0.911127
2148	0.910123
2149	0.914655
2150	0.905805
2151	0.903855
2152	0.902484
2153	0.911967
2154	0.907271
2155	0.914763
2156	0.911327
2157	0.913388
2158	0.909521
2159	0.901111
2160	0.901141
2161	0.904477
2162	0.910770
2163	0.905596
2164	0.910525
2165	0.912724
2166	0.902581
2167	0.906798
2168	0.898522
2169	0.911625
2170	0.909836
2171	0.914091
2172	0.910052
2173	0.901908
2174	0.907717
2175	0.918748
2176	0.915539
2177	0.911347
2178	0.908123
2179	0.911164
2180	0.916418
2181	0.910122
2182	0.906993
2183	0.903588
2184	0.907606
2185	0.914039
2186	0.908308
2187	0.912519
2188	0.899155
2189	0.911308
2190	0.910902
2191	0.913580
2192	0.909713
2193	0.906291
2194	0.906671
2195	0.920068
2196	0.908319
2197	0.918664
2198	0.916814
2199	0.910715
2200	0.914382
2201	0.917244
2202	0.919315
2203	0.913992
2204	0.909598
2205	0.912492
2206	0.909048
2207	0.909785
2208	0.902421
2209	0.910821
2210	0.911563
2211	0.913860
2212	0.903906
2213	0.911405
2214	0.907578
2215	0.917972
2216	0.920102
2217	0.915964
2218	0.912230
2219	0.911102
2220	0.909554
2221	0.913095
2222	0.912751
2223	0.906378
2224	0.906974
2225	0.918149
2226	0.905026
2227	0.913081
2228	0.914484
2229	0.903892
2230	0.908557
2231	0.912905
2232	0.907692
2233	0.917496
2234	0.901889
2235	0.910071
2236	0.915606
2237	0.912091
2238	0.915231
2239	0.910600
2240	0.919465
2241	0.912953
2242	0.913139
2243	0.907089
2244	0.911640
2245	0.906636
2246	0.907589
2247	0.912129
2248	0.915383
2249	0.916757
2250	0.912768
2251	0.905630
2252	0.904461
2253	0.909547
2254	0.901464
2255	0.907898
2256	0.906446
2257	0.906606
2258	0.919917
2259	0.901629
2260	0.901057
2261	0.914247
2262	0.907524
2263	0.914422
2264	0.910200
2265	0.905085
2266	0.910750
2267	0.905803
2268	0.906573
2269	0.913051
2270	0.903446
2271	0.906247
2272	0.909532
2273	0.907638
2274	0.912679
2275	0.909806
2276	0.923817
2277	0.923242
2278	0.913005
2279	0.909854
2280	0.907898
2281	0.912217
2282	0.909944
2283	0.909023
2284	0.904061
2285	0.910148
2286	0.910951
2287	0.906245
2288	0.911736
2289	0.910843
2290	0.904621
2291	0.905539
2292	0.905874
2293	0.907354
2294	0.909816
2295	0.907451
2296	0.900465
2297	0.909472
2298	0.909892
2299	0.914522
2300	0.917627
2301	0.915263
2302	0.905705
2303	0.908363
2304	0.910514
2305	0.910287
2306	0.906735
2307	0.903918
2308	0.905056
2309	0.913430
2310	0.910064
2311	0.906800
2312	0.904892
2313	0.909397
2314	0.907745
2315	0.906080
2316	0.909738
2317	0.899897
2318	0.908958
2319	0.908822
2320	0.909115
2321	0.909550
2322	0.906717
2323	0.911777
2324	0.915595
2325	0.907869
2326	0.914909
2327	0.912701
2328	0.909399
2329	0.909656
2330	0.910206
2331	0.916366
2332	0.906994
2333	0.910451
2334	0.908711
2335	0.905013
2336	0.916009
2337	0.899652
2338	0.915558
2339	0.905049
2340	0.904078
2341	0.910462
2342	0.905034
2343	0.906982
2344	0.910097
2345	0.914029
2346	0.910371
2347	0.911589
2348	0.911282
2349	0.906909
2350	0.913504
2351	0.914331
2352	0.913337
2353	0.908403
2354	0.900006
2355	0.906005
2356	0.900122
2357	0.912354
2358	0.906608
2359	0.906831
2360	0.911792
2361	0.908625
2362	0.908486
2363	0.899432
2364	0.905039
2365	0.910839
2366	0.913191
2367	0.908255
2368	0.908881
2369	0.910349
2370	0.916626
2371	0.916148
2372	0.908021
2373	0.914890
2374	0.914488
2375	0.907841
2376	0.906231
2377	0.915856
2378	0.908566
2379	0.904892
2380	0.913533
2381	0.915158
2382	0.905463
2383	0.908316
2384	0.907438
2385	0.908707
2386	0.906171
2387	0.906450
2388	0.906026
2389	0.912534
2390	0.909712
2391	0.908256
2392	0.908927
2393	0.899424
2394	0.903491
2395	0.904101
2396	0.904075
2397	0.906464
2398	0.914531
2399	0.912282
2400	0.909201
2401	0.901845
2402	0.912934
2403	0.910739
2404	0.911795
2405	0.911016
2406	0.905261
2407	0.903393
2408	0.912305
2409	0.913994
2410	0.912775
2411	0.917421
2412	0.904945
2413	0.911796
2414	0.906413
2415	0.908551
2416	0.904688
2417	0.901417
2418	0.899979
2419	0.910325
2420	0.909687
2421	0.907185
2422	0.904385
2423	0.906978
2424	0.906401
2425	0.907914
2426	0.908911
2427	0.911561
2428	0.904898
2429	0.908633
2430	0.902169
2431	0.910381
2432	0.909263
2433	0.909197
2434	0.916238
2435	0.912346
2436	0.907390
2437	0.907372
2438	0.908201
2439	0.919260
2440	0.908134
2441	0.906209
2442	0.908111
2443	0.912718
2444	0.911097
2445	0.905097
2446	0.908114
2447	0.909510
2448	0.908532
2449	0.912949
2450	0.906692
2451	0.901012
2452	0.903861
2453	0.909051
2454	0.910438
2455	0.901827
2456	0.914301
2457	0.910660
2458	0.899801
2459	0.903824
2460	0.908336
2461	0.903595
2462	0.909689
2463	0.912899
2464	0.913117
2465	0.905963
2466	0.908373
2467	0.907970
2468	0.912779
2469	0.907542
2470	0.904264
2471	0.910109
2472	0.907782
2473	0.908516
2474	0.912206
2475	0.902969
2476	0.912958
2477	0.910087
2478	0.911814
2479	0.907564
2480	0.912785
2481	0.905627
2482	0.910497
2483	0.918154
2484	0.915812
2485	0.911635
2486	0.906612
2487	0.907620
2488	0.915319
2489	0.906171
2490	0.915779
2491	0.910501
2492	0.907239
2493	0.901140
2494	0.910379
2495	0.910236
2496	0.904390
2497	0.911862
2498	0.903339
2499	0.904614
2500	0.911062
2501	0.910460
2502	0.905092
2503	0.908861
2504	0.905874
2505	0.912626
2506	0.910455
2507	0.913963
2508	0.920489
2509	0.917511
2510	0.909675
2511	0.911272
2512	0.903413
2513	0.910502
2514	0.906542
2515	0.914003
2516	0.908729
2517	0.903374
2518	0.903767
2519	0.904531
2520	0.912649
2521	0.906429
2522	0.907861
2523	0.915030
2524	0.910388
2525	0.904745
2526	0.900523
2527	0.911352
2528	0.905899
2529	0.910847
2530	0.917079
2531	0.907617
2532	0.909803
2533	0.912039
2534	0.908614
2535	0.910342
2536	0.918232
2537	0.915744
2538	0.907117
2539	0.905381
2540	0.906317
2541	0.913547
2542	0.901294
2543	0.905043
2544	0.902971
2545	0.902543
2546	0.914585
2547	0.904605
2548	0.909995
2549	0.908074
2550	0.906644
2551	0.910712
2552	0.915205
2553	0.912360
2554	0.905246
2555	0.913253
2556	0.916797
2557	0.910841
2558	0.905754
2559	0.906187
2560	0.904654
2561	0.906003
2562	0.911679
2563	0.910546
2564	0.906911
2565	0.902231
2566	0.902638
2567	0.905108
2568	0.903795
2569	0.906041
2570	0.917514
2571	0.913185
2572	0.910683
2573	0.917411
2574	0.904236
2575	0.909532
2576	0.909154
2577	0.915070
2578	0.909837
2579	0.906441
2580	0.913116
2581	0.915077
2582	0.922748
2583	0.904881
2584	0.909603
2585	0.911877
2586	0.911128
2587	0.912686
2588	0.904390
2589	0.903301
2590	0.905630
2591	0.906713
2592	0.911628
2593	0.910568
2594	0.914157
2595	0.904787
2596	0.908518
2597	0.909695
2598	0.918341
2599	0.908165
2600	0.911359
2601	0.907933
2602	0.909349
2603	0.907432
2604	0.906458
2605	0.913703
2606	0.913900
2607	0.902980
2608	0.912452
2609	0.902668
2610	0.905667
2611	0.904040
2612	0.909255
2613	0.904015
2614	0.912631
2615	0.916350
2616	0.903996
2617	0.898035
2618	0.912915
2619	0.904522
2620	0.909032
2621	0.907793
2622	0.904592
2623	0.908209
2624	0.914970
2625	0.915881
2626	0.899277
2627	0.900352
2628	0.902625
2629	0.894994
2630	0.905430
2631	0.902393
2632	0.910109
2633	0.903378
2634	0.897370
2635	0.900826
2636	0.913610
2637	0.907341
2638	0.899006
2639	0.897467
2640	0.900466
2641	0.902530
2642	0.903053
2643	0.899089
2644	0.902310
2645	0.903060
2646	0.898859
2647	0.898598
2648	0.896934
2649	0.898851
2650	0.908443
2651	0.907447
2652	0.905303
2653	0.897720
2654	0.912027
2655	0.899179
2656	0.902499
2657	0.899204
2658	0.900615
2659	0.907776
2660	0.903984
2661	0.901942
2662	0.908644
2663	0.906390
2664	0.900680
2665	0.915477
2666	0.900931
2667	0.895742
2668	0.908346
2669	0.904591
2670	0.909717
2671	0.907434
2672	0.897954
2673	0.902188
2674	0.910367
2675	0.913945
2676	0.913407
2677	0.912132
2678	0.904359
2679	0.908232
2680	0.904877
2681	0.904138
2682	0.910343
2683	0.910731
2684	0.917006
2685	0.910476
2686	0.911299
2687	0.912399
2688	0.911032
2689	0.906762
2690	0.912919
2691	0.901634
2692	0.907013
2693	0.914904
2694	0.910017
2695	0.899530
2696	0.907479
2697	0.899278
2698	0.904418
2699	0.905672
2700	0.906458
2701	0.908166
2702	0.905606
2703	0.914056
2704	0.908493
2705	0.904482
2706	0.911227
2707	0.901709
2708	0.899455
2709	0.905028
2710	0.904097
2711	0.910359
2712	0.909206
2713	0.911698
2714	0.907582
2715	0.915002
2716	0.915125
2717	0.904735
2718	0.906708
2719	0.908796
2720	0.908892
2721	0.908701
2722	0.910751
2723	0.912828
2724	0.909508
2725	0.905755
2726	0.910801
2727	0.906048
2728	0.908034
2729	0.911124
2730	0.907095
2731	0.907590
2732	0.912903
2733	0.912020
2734	0.910363
2735	0.912452
2736	0.912898
2737	0.905522
2738	0.909818
2739	0.908512
2740	0.902370
2741	0.912416
2742	0.905966
2743	0.907516
2744	0.906795
2745	0.913204
2746	0.909693
2747	0.909990
2748	0.910621
2749	0.910517
2750	0.914851
2751	0.916844
2752	0.906754
2753	0.907867
2754	0.909355
2755	0.903248
2756	0.897586
2757	0.904924
2758	0.902099
2759	0.907763
2760	0.904181
2761	0.909873
2762	0.904034
2763	0.914225
2764	0.911992
2765	0.914757
2766	0.906735
2767	0.903006
2768	0.906537
2769	0.911032
2770	0.905994
2771	0.905709
2772	0.905913
2773	0.909260
2774	0.904577
2775	0.903592
2776	0.912181
2777	0.901302
2778	0.911840
2779	0.902450
2780	0.911818
2781	0.912399
2782	0.910487
2783	0.914535
2784	0.911438
2785	0.901465
2786	0.909294
2787	0.915965
2788	0.913521
2789	0.907010
2790	0.912574
2791	0.916148
2792	0.916500
2793	0.918426
2794	0.925927
2795	0.932981
2796	0.944338
2797	0.934350
2798	0.946338
2799	0.964044
2800	0.968062
2801	0.996525
2802	1.009330
2803	1.063465
2804	1.063535
2805	0.992859
2806	0.790007
