2.3236	
2.3536	
2.3614	
2.3383	
2.3142	
2.2831	
2.3328	
2.3212	
2.3574	
2.3681	
2.3291	
2.2914	
2.3463	
2.3476	
2.3324	
2.3442	
2.3507	
2.3773	
2.3727	
2.3291	
2.3473	
2.3477	
2.3555	
2.3367	
2.3869	
2.3926	
2.3423	
2.3785	
2.3677	
2.3917	
2.3122	
2.3774	
2.3299	
2.3756	
2.3453	
2.3168	
2.3430	
2.3172	
2.4126	
2.3773	
2.3829	
2.2944	
2.3554	
2.3100	
2.3218	
2.3574	
2.3897	
2.3545	
2.3418	
2.3942	
2.3260	
2.2896	
2.3243	
2.3842	
2.4060	
2.3139	
2.3672	
2.4075	
2.2982	
2.3249	
2.3610	
2.3324	
2.3295	
2.2949	
2.3233	
2.3646	
2.3445	
2.3300	
2.3574	
2.3656	
2.4030	
2.3396	
2.3758	
2.3601	
2.3731	
2.3354	
2.4011	
2.3239	
2.3418	
2.3308	
2.3731	
2.3141	
2.3471	
2.3995	
2.3013	
2.3605	
2.3828	
2.3094	
2.3835	
2.3843	
2.3970	
2.3919	
2.4168	
2.4095	
2.3914	
2.4082	
2.4275	
2.3624	
2.3730	
2.4167	
2.3620	
2.3462	
2.3976	
2.4688	
2.4678	
2.4691	
2.4706	
2.4370	
2.4355	
2.5032	
2.5080	
2.5679	
2.5733	
2.6102	
2.6287	
2.6814	
2.6916	
2.6981	
2.7083	
2.8146	
2.8321	
2.8823	
3.0580	
3.0737	
3.1175	
3.1964	
3.3511	
3.4377	
3.4954	
3.6120	
3.8990	
3.9132	
4.1715	
4.2940	
4.6453	
4.9646	
5.4345	
6.0771	
6.9419	
8.2961	
12.7982	
29.9340	
52.9360	
76.2173	
100.1615	
123.0096	
146.8620	
170.4631	
193.7626	
217.5008	
241.0065	
264.6980	
287.7711	
311.7166	
334.5473	
356.5367	
379.2098	
400.6204	
422.1408	
442.5311	
453.6328	
454.6702	
454.0740	
452.6240	
453.3402	
453.0441	
453.3263	
453.1010	
451.8914	
451.2809	
452.5266	
451.4510	
451.3271	
452.0545	
450.3932	
451.9789	
450.5925	
451.8849	
452.7690	
450.9112	
451.3454	
451.0703	
450.9507	
449.8827	
450.4323	
450.2353	
450.4362	
451.1057	
449.6068	
450.7470	
450.5799	
450.2576	
450.5295	
450.6653	
450.0588	
449.3228	
451.6721	
450.4379	
450.3980	
449.4346	
448.5575	
449.0736	
447.7510	
449.7563	
448.6140	
449.3296	
448.5697	
449.4928	
448.4702	
450.9616	
451.1188	
452.0138	
453.5119	
456.1472	
457.8843	
460.0100	
461.8055	
460.9521	
461.6577	
460.9227	
461.7193	
461.4947	
461.1278	
461.2667	
461.4304	
460.7004	
462.1121	
463.6185	
463.5387	
463.9803	
464.0317	
463.9203	
463.3914	
465.4819	
465.2341	
466.3540	
464.4812	
465.8746	
464.9136	
465.1688	
464.1158	
464.8489	
465.3752	
465.7430	
465.6198	
466.0657	
466.5031	
467.3453	
467.6238	
471.4189	
471.1787	
474.1722	
474.9723	
475.3117	
475.8149	
475.8685	
476.1259	
476.8996	
477.8188	
477.6898	
477.0405	
477.0184	
477.9162	
478.3109	
479.5560	
480.0205	
482.3878	
481.4539	
482.3914	
482.7278	
481.3991	
481.1940	
480.9398	
481.6921	
481.7412	
483.1545	
482.6825	
483.5482	
485.6055	
485.3579	
486.1276	
486.6391	
486.6213	
486.5709	
484.6246	
488.4099	
488.3783	
488.5540	
488.7135	
489.4817	
489.5881	
489.7454	
491.6624	
493.2373	
492.9659	
492.9359	
492.7791	
491.4983	
494.3819	
493.0239	
494.0365	
493.5430	
494.4695	
496.4413	
495.6848	
496.7649	
496.3049	
496.8445	
498.9801	
501.9540	
505.9214	
508.7393	
512.0742	
511.6701	
512.3676	
513.1476	
514.3585	
515.5507	
515.8096	
516.4363	
517.9106	
516.3600	
519.6714	
519.1222	
519.1874	
520.3582	
521.7733	
523.6047	
526.1416	
527.7363	
529.9333	
531.9337	
531.9221	
533.3513	
532.0045	
532.2525	
531.9949	
533.8471	
533.0197	
535.1874	
535.4744	
601.2340	
588.0492	
562.2118	
560.1224	
561.4722	
560.6507	
561.4701	
560.2601	
560.7236	
561.3154	
561.2892	
563.4219	
567.1483	
570.5512	
573.3334	
574.4122	
575.7534	
576.2213	
577.2797	
577.8607	
578.1218	
578.3976	
580.6488	
581.9256	
582.1176	
583.9187	
586.3318	
586.9706	
586.2438	
587.2544	
589.4014	
588.6982	
587.7412	
589.5368	
587.7133	
589.1089	
590.1669	
591.1810	
590.2570	
592.4860	
592.5776	
593.6194	
593.9950	
593.6039	
595.7516	
595.8369	
593.6794	
597.1296	
597.7062	
598.9004	
597.4233	
599.7233	
599.2845	
599.6367	
602.1231	
601.2076	
600.9511	
602.1882	
601.8387	
601.5032	
604.6687	
604.6305	
605.2009	
605.8676	
607.6633	
607.3932	
608.6443	
607.5822	
609.6972	
608.2840	
609.8911	
609.0676	
609.0865	
608.4368	
610.2504	
609.8298	
610.1727	
611.6330	
612.4231	
614.4279	
612.4175	
613.8320	
611.8451	
614.9560	
613.6324	
615.2927	
613.7402	
614.9373	
613.8240	
612.5766	
614.4530	
612.7559	
613.0940	
612.6647	
613.6725	
611.6778	
611.4291	
612.4781	
613.1569	
613.4274	
613.7652	
613.7746	
615.1351	
613.8743	
612.7451	
611.6062	
611.6434	
611.5148	
611.3770	
613.3973	
612.2134	
613.3964	
612.9213	
611.8000	
612.3613	
614.6805	
615.5984	
613.7453	
614.8320	
614.7585	
616.1182	
615.3805	
616.0085	
613.6973	
612.5153	
610.9423	
613.4373	
613.5648	
613.5464	
616.6100	
617.1483	
615.7322	
617.9832	
617.9036	
618.1865	
617.1562	
615.5250	
617.0497	
617.3810	
616.9050	
617.8040	
616.7263	
617.8061	
619.6318	
617.6176	
616.9841	
616.6435	
617.2413	
615.4120	
614.9782	
612.9092	
613.4575	
614.1606	
613.6415	
614.0472	
613.9654	
612.9205	
608.9611	
608.4739	
607.4940	
609.2895	
609.4570	
609.8807	
610.2266	
609.8140	
609.6530	
611.3181	
612.1032	
614.7352	
614.2949	
619.5874	
625.6567	
634.7166	
636.3842	
638.2026	
641.3234	
641.9038	
642.3342	
643.7041	
644.3129	
645.7878	
645.5811	
647.7344	
644.4526	
644.8438	
645.4579	
643.4065	
644.1225	
643.4580	
641.3022	
640.2092	
640.6155	
641.1733	
638.9400	
638.6469	
636.7230	
634.9800	
634.4186	
633.9182	
634.7380	
634.3305	
632.5997	
630.4085	
630.0798	
628.4940	
626.5030	
625.1680	
625.5453	
625.2820	
624.3829	
625.7662	
625.5037	
624.1006	
623.9802	
624.3462	
621.6038	
623.2128	
620.7821	
620.6484	
620.2105	
619.5203	
617.8578	
618.8688	
617.8584	
616.6569	
616.6961	
613.1179	
611.6428	
612.7545	
612.2004	
612.4715	
611.0569	
609.5587	
609.3839	
608.0402	
606.8652	
608.1968	
606.8025	
608.3099	
606.3716	
604.9730	
603.1417	
602.7621	
601.2107	
601.2128	
600.6552	
601.6074	
599.5398	
599.4528	
598.4354	
595.2250	
596.7418	
593.8326	
594.4048	
593.0369	
591.4326	
591.6772	
590.0569	
588.9870	
586.9966	
585.1105	
585.7772	
586.4974	
584.6373	
584.3806	
582.8350	
583.1382	
582.7416	
580.7801	
580.2792	
579.3940	
579.3108	
578.8737	
576.4056	
577.2028	
576.5784	
574.5631	
574.1793	
574.8491	
572.2405	
572.2476	
572.6218	
571.0521	
571.3847	
568.5582	
567.9467	
568.7007	
566.7518	
566.1581	
564.7978	
564.0344	
563.3325	
561.3734	
559.8345	
559.3615	
555.6939	
556.8184	
555.2215	
554.2825	
551.9771	
550.8747	
550.6175	
549.9545	
548.6811	
549.2623	
546.8931	
549.1509	
545.8239	
547.9362	
545.5459	
546.2416	
544.5957	
543.0092	
544.3226	
542.1800	
539.8702	
540.3560	
538.2721	
537.9498	
536.3319	
535.6229	
535.4496	
534.0416	
534.3489	
532.6718	
532.3112	
529.5294	
529.5950	
529.4882	
526.9367	
526.6903	
529.3928	
532.5681	
537.2093	
537.1148	
540.1877	
539.6506	
539.9289	
537.6010	
537.2241	
536.8181	
534.8893	
536.1089	
536.9714	
536.5634	
536.1646	
536.2597	
535.0068	
535.0320	
533.6564	
531.9855	
529.6046	
531.1884	
529.7815	
527.9121	
527.5259	
528.3610	
526.8040	
526.6002	
525.5847	
526.2894	
524.3187	
522.4905	
522.8287	
521.3516	
520.2220	
520.4506	
519.9865	
520.1685	
518.7739	
518.9092	
520.0932	
515.6196	
514.6680	
515.1059	
513.5309	
514.6354	
512.9047	
513.7077	
512.2054	
512.5613	
511.4962	
510.8383	
511.0844	
508.3940	
508.3860	
506.9375	
506.3881	
504.7083	
505.9537	
504.3578	
504.4625	
503.5452	
502.7658	
502.6396	
499.6068	
499.3628	
498.3809	
497.9085	
498.5652	
548.5974	
517.4830	
484.9425	
481.5516	
477.8637	
477.2123	
473.4512	
473.0005	
470.3296	
471.0155	
468.7484	
467.3354	
466.7515	
465.1433	
463.4447	
462.0319	
459.7391	
459.3576	
457.4885	
457.1694	
455.6161	
455.2448	
454.2695	
454.2510	
454.5075	
454.9358	
453.9118	
452.1576	
452.0511	
452.1149	
449.9891	
448.9961	
449.5543	
449.1971	
448.7309	
448.4135	
447.7639	
446.2759	
446.2778	
445.0799	
443.5659	
443.1264	
442.4734	
440.5170	
440.9724	
440.1683	
438.7070	
438.2568	
437.3149	
435.7478	
433.6257	
434.2805	
434.0703	
433.9212	
433.1729	
431.1563	
432.0782	
430.6686	
429.9710	
430.3842	
429.3145	
429.0424	
430.4263	
428.7212	
428.6195	
427.0726	
426.4511	
426.4926	
424.2430	
422.7161	
423.0814	
420.4414	
422.5452	
420.2992	
421.4582	
419.4729	
422.1637	
421.2833	
420.6046	
420.8001	
419.3457	
419.7316	
419.2705	
416.4428	
417.2743	
415.8008	
414.0328	
413.4320	
411.8189	
411.3845	
411.0296	
408.5632	
408.4513	
407.9906	
406.9026	
406.3074	
406.8509	
405.6557	
406.3930	
405.1912	
404.8161	
404.5788	
403.0963	
403.8502	
403.1307	
402.6874	
402.4576	
402.0366	
400.6277	
400.4356	
399.1655	
398.7643	
397.3455	
397.5573	
396.8600	
395.2982	
394.2050	
394.4346	
393.8042	
392.7281	
392.7206	
391.4014	
391.0446	
391.0677	
388.8555	
389.6900	
388.3432	
387.9484	
386.5708	
386.5918	
385.6562	
386.4599	
383.2806	
383.2150	
383.6801	
382.5009	
381.2290	
381.0253	
379.7311	
378.8246	
378.7810	
378.4792	
378.2347	
377.6780	
376.6869	
375.9490	
375.2177	
374.1743	
373.7747	
372.6873	
373.5169	
373.6501	
372.5143	
373.5926	
373.1602	
372.6843	
373.6584	
372.2307	
370.7520	
369.4659	
368.7470	
368.1921	
367.0394	
366.2589	
367.2122	
365.2549	
365.2389	
364.2955	
362.9400	
361.0973	
361.1980	
359.8588	
359.0096	
358.2177	
357.6393	
357.0969	
356.0030	
355.3187	
354.7147	
354.3333	
354.1830	
352.7922	
353.6040	
352.9981	
353.2456	
351.5522	
351.0789	
351.6135	
351.4189	
351.2766	
350.2008	
350.5934	
350.2500	
348.9230	
347.6728	
346.6750	
345.4822	
343.3499	
341.8927	
340.5330	
340.0894	
339.8407	
340.1324	
338.6870	
339.2655	
337.1055	
338.5586	
335.6505	
334.3031	
333.9702	
332.3889	
330.6468	
330.6948	
331.4561	
330.4690	
330.3767	
329.1900	
327.6394	
326.7035	
327.4705	
327.4743	
326.8116	
326.6019	
326.6873	
326.7842	
326.5549	
327.9901	
328.4112	
328.0252	
325.9162	
326.2713	
326.1816	
325.2342	
325.1433	
324.4153	
323.2182	
322.6749	
322.0467	
321.6493	
320.6967	
319.7741	
317.2214	
316.2210	
315.2206	
314.5417	
314.2257	
312.4962	
311.2079	
310.5023	
311.0324	
310.2849	
308.7867	
309.9225	
309.7661	
309.5450	
308.3249	
308.6943	
307.9129	
308.7800	
307.0966	
305.7470	
305.8411	
303.6821	
302.3042	
301.9414	
301.0264	
301.3709	
298.5564	
298.8839	
297.4347	
297.2534	
295.3802	
293.6062	
294.3384	
293.2893	
291.8482	
292.5866	
290.1344	
289.2033	
287.9320	
287.1778	
286.5525	
287.2190	
284.8064	
285.6642	
286.0396	
285.2969	
285.1535	
283.4399	
282.7882	
282.8005	
281.7891	
280.9954	
279.6204	
279.6214	
279.2446	
279.0955	
277.0054	
277.1627	
274.8971	
275.2337	
276.2104	
274.9061	
274.6962	
274.8553	
273.9928	
272.5730	
272.0376	
272.2031	
272.8291	
271.9943	
271.2664	
271.4939	
270.5649	
270.4193	
269.4608	
268.0229	
266.8892	
266.5201	
265.6186	
264.3936	
264.1800	
262.8348	
262.8502	
260.1368	
259.2120	
257.2518	
257.4992	
255.7106	
255.2667	
253.4447	
252.2051	
250.1583	
249.5620	
247.7695	
246.8021	
244.0382	
242.9443	
241.6755	
241.5974	
240.6008	
241.4118	
240.5578	
240.8577	
239.7217	
238.0833	
236.3037	
235.6996	
234.8079	
233.7133	
233.8075	
235.3778	
238.5936	
244.5155	
251.0376	
258.0148	
263.5668	
268.6458	
273.5318	
276.1689	
278.7232	
280.0766	
281.8482	
283.5456	
284.1050	
285.5528	
286.7568	
285.6830	
285.7817	
287.6274	
287.3801	
286.2184	
286.3813	
286.5417	
285.4688	
284.4707	
284.0281	
282.8010	
283.1974	
281.9614	
281.6613	
280.6717	
280.0074	
279.7598	
279.8430	
279.8984	
280.2448	
279.0514	
279.4529	
279.1162	
277.7677	
278.2768	
277.4023	
277.1246	
276.4771	
276.4166	
275.7904	
276.5413	
277.0100	
274.9825	
275.5836	
274.6002	
275.3805	
273.5941	
274.5517	
272.2425	
272.6096	
272.2235	
270.9952	
271.3489	
271.1156	
269.8763	
269.6361	
269.5717	
268.4546	
269.8020	
269.2080	
267.0049	
266.9006	
267.5355	
266.9131	
266.3947	
266.3281	
265.5921	
265.2780	
264.6061	
264.9016	
263.8704	
263.2900	
262.1919	
262.7913	
261.2579	
261.2664	
260.3568	
265.6664	
263.5812	
261.5396	
261.3222	
260.4837	
259.7060	
259.2622	
258.6669	
257.8456	
257.2551	
257.1031	
257.8266	
255.8002	
257.1795	
256.7436	
256.2218	
255.3641	
256.6346	
256.6913	
256.3040	
255.9612	
255.6119	
255.3661	
254.4954	
254.7741	
254.3902	
253.8295	
252.8117	
252.7715	
251.6014	
251.0941	
250.8738	
250.6047	
251.5197	
251.2148	
250.5882	
249.6066	
249.3038	
249.8633	
249.3723	
248.1285	
247.8527	
247.4460	
246.7158	
244.9475	
244.5952	
244.7150	
244.3606	
244.5186	
243.8899	
245.4527	
246.0950	
247.2319	
248.0680	
249.3168	
252.0434	
252.5765	
253.8738	
255.6155	
256.8486	
258.8719	
260.7996	
261.0385	
262.9975	
263.0468	
264.4597	
264.4400	
264.5081	
264.0993	
264.7497	
263.2002	
264.4096	
264.1299	
264.1539	
264.0524	
263.7523	
264.0729	
263.8019	
263.4814	
262.5161	
262.0674	
262.4163	
262.4897	
262.6024	
262.1161	
261.3853	
259.8361	
259.9317	
258.0254	
256.8388	
256.4866	
255.3331	
254.5099	
254.1190	
253.8070	
252.6699	
252.8181	
252.6314	
252.0963	
251.0172	
251.9935	
252.5426	
253.9247	
254.3674	
254.1702	
253.9259	
254.3126	
252.5404	
250.9354	
249.8339	
247.6730	
246.5088	
244.8155	
243.2195	
241.6030	
240.6762	
240.9202	
239.2483	
236.9598	
235.2940	
234.0849	
234.3871	
233.0733	
232.2649	
232.3837	
230.1104	
228.9532	
228.7499	
226.8523	
226.0713	
225.5822	
226.3821	
225.1319	
225.1275	
223.8532	
223.1144	
221.9360	
220.6319	
218.7739	
217.0469	
216.0185	
212.6325	
209.5939	
205.4185	
201.3832	
195.9365	
191.2822	
186.3721	
180.9089	
176.2493	
172.3772	
167.0885	
162.3400	
156.4517	
151.5545	
147.3539	
142.5371	
137.0214	
133.1262	
128.5900	
124.5393	
120.0856	
114.4619	
109.4600	
104.4958	
99.2552	
94.2477	
88.9236	
81.9833	
72.8919	
61.7817	
50.9826	
40.9776	
31.4466	
22.7634	
15.1765	
9.3510	
6.1233	
5.2609	
5.1704	
4.9772	
5.0004	
4.8114	
4.7716	
4.7212	
4.5663	
4.4837	
4.4492	
4.4090	
4.3456	
4.2424	
4.1542	
4.1031	
4.1307	
4.0378	
3.9490	
3.9343	
3.8317	
3.7838	
3.7137	
3.6609	
3.5825	
3.4988	
3.4478	
3.4739	
3.4293	
3.3937	
3.2832	
3.2969	
3.2930	
3.3021	
3.2070	
3.1581	
3.1519	
3.1544	
3.1443	
3.0663	
3.0750	
3.0663	
3.0115	
2.9114	
3.0049	
2.9752	
2.9165	
2.9530	
2.9281	
2.7889	
2.8242	
2.7920	
2.7645	
2.8070	
2.7948	
2.7598	
2.7529	
2.6797	
2.6721	
2.6616	
2.6839	
2.6370	
2.6882	
2.6983	
2.6735	
2.7020	
2.6600	
2.5625	
2.5834	
2.5544	
2.6512	
2.5436	
2.5034	
2.5907	
2.5175	
2.5542	
2.4717	
2.5786	
2.5335	
2.4601	
2.5750	
2.4708	
2.4473	
2.4635	
2.4966	
2.4784	
2.4309	
2.4567	
2.3674	
2.4258	
2.3802	
2.4094	
2.4031	
2.3946	
2.4275	
2.4268	
2.4208	
2.4502	
2.3473	
2.3197	
2.2517	
2.3786	
2.4376	
2.3760	
2.2781	
2.2863	
2.3358	
2.3737	
2.2993	
2.2433	
2.2826	
2.3151	
2.3031	
2.2791	
2.3019	
2.3370	
2.3527	
2.2677	
2.2844	
2.2373	
2.2985	
2.2492	
2.2365	
2.2533	
2.1995	
2.1939	
2.2787	
2.2115	
2.2375	
2.2963	
