1.7216	
1.7148	
1.7012	
1.6973	
1.7011	
1.7004	
1.7562	
1.7425	
1.6931	
1.7028	
1.7546	
1.6958	
1.6874	
1.6944	
1.6984	
1.7200	
1.7644	
1.7331	
1.7020	
1.7017	
1.7298	
1.7154	
1.7080	
1.7296	
1.7144	
1.7287	
1.6906	
1.7392	
1.7399	
1.7217	
1.7058	
1.7206	
1.6991	
1.7148	
1.7388	
1.6836	
1.7226	
1.7117	
1.7344	
1.6819	
1.7159	
1.6982	
1.7276	
1.6637	
1.7290	
1.7246	
1.7101	
1.7165	
1.6934	
1.7249	
1.7667	
1.7110	
1.7355	
1.7498	
1.7072	
1.7342	
1.7518	
1.7213	
1.7007	
1.7357	
1.7784	
1.7542	
1.6966	
1.7297	
1.7068	
1.7420	
1.7193	
1.7189	
1.7348	
1.7279	
1.7433	
1.7243	
1.6921	
1.7126	
1.7311	
1.6865	
1.7112	
1.7382	
1.7458	
1.7274	
1.7319	
1.7450	
1.6952	
1.7771	
1.7326	
1.7194	
1.7478	
1.7613	
1.7220	
1.7885	
1.7250	
1.7322	
1.7745	
1.7896	
1.7585	
1.7573	
1.7906	
1.8112	
1.7959	
1.7343	
1.7860	
1.8001	
1.7763	
1.8143	
1.8600	
1.8292	
1.8541	
1.8461	
1.8588	
1.8871	
1.8989	
1.9466	
1.9675	
2.0128	
1.9793	
2.0423	
2.1125	
2.1641	
2.2124	
2.2249	
2.2018	
2.4117	
2.4763	
2.5406	
2.6213	
2.6503	
2.6769	
2.9365	
2.9532	
3.0589	
3.2902	
3.5202	
3.6659	
3.8567	
4.2346	
4.4459	
4.9548	
5.6355	
6.2568	
7.2519	
10.4918	
20.4518	
36.4192	
52.9332	
68.9650	
86.0249	
102.6341	
118.4516	
135.1250	
151.0141	
166.8633	
183.3776	
198.9870	
215.0645	
230.3878	
245.5975	
260.9825	
276.5201	
290.9879	
304.3330	
313.3227	
317.3918	
316.0654	
316.4149	
316.3873	
315.8393	
316.4891	
316.9409	
317.0701	
316.4364	
316.0737	
316.0101	
316.8903	
317.6962	
315.2773	
316.3816	
316.0002	
315.2266	
315.2610	
315.1529	
315.0239	
314.8281	
315.0642	
315.1899	
314.5329	
314.2487	
314.5483	
314.6979	
316.0404	
315.6153	
316.0655	
314.6753	
315.0992	
313.2826	
313.4224	
314.3470	
314.6545	
314.7649	
313.3893	
313.1361	
312.8446	
312.8900	
314.0231	
314.2647	
314.5597	
313.3044	
312.8724	
313.5341	
313.6794	
314.2015	
314.6438	
314.7889	
314.9151	
317.1941	
318.5946	
319.7387	
320.2813	
321.3280	
322.0033	
322.3098	
321.4075	
323.0125	
321.4388	
321.5426	
321.5691	
323.3253	
322.5140	
322.5068	
322.0130	
321.7144	
322.2967	
322.0406	
323.3718	
322.4994	
322.8623	
324.5434	
323.1272	
323.3658	
324.0752	
323.3930	
323.3752	
321.9100	
323.2770	
323.2653	
323.8741	
323.2710	
324.3262	
324.9857	
326.0357	
327.8328	
328.4443	
329.4687	
330.6789	
331.1990	
331.2557	
331.1023	
331.7652	
331.5862	
331.4058	
331.6628	
331.5583	
332.4007	
331.7706	
332.1490	
332.0323	
332.3013	
332.6658	
332.0455	
332.8770	
332.7519	
332.6087	
332.8756	
333.9341	
333.8835	
334.6653	
334.6198	
334.9791	
336.4857	
334.6377	
335.3810	
336.7103	
336.2008	
336.5792	
337.5153	
337.8256	
337.6711	
338.2919	
337.1707	
337.3573	
338.1004	
338.4075	
338.5535	
337.9872	
338.2812	
339.1595	
340.6265	
341.0465	
341.2804	
342.4476	
344.1677	
344.3029	
344.5962	
345.4058	
344.5165	
344.1041	
345.9894	
344.2079	
344.3455	
346.2104	
346.8358	
349.2574	
352.3794	
353.0608	
354.5899	
356.4101	
356.4370	
356.5655	
358.0997	
357.1185	
357.9513	
357.1206	
358.8036	
358.9999	
359.6407	
359.3203	
359.0501	
360.0858	
361.1470	
363.1476	
365.9053	
366.1921	
367.7985	
368.2666	
369.3356	
370.5384	
369.8852	
369.2142	
369.6428	
370.8846	
370.4485	
371.1162	
416.5895	
405.4665	
384.8472	
385.2406	
385.6703	
386.0038	
385.3298	
385.4253	
385.6739	
386.2930	
385.8361	
387.0801	
391.2298	
392.1215	
393.8938	
395.3396	
395.4171	
397.7848	
398.7783	
399.7766	
399.0377	
400.5858	
399.8762	
401.2442	
401.6330	
401.9603	
402.3383	
401.7645	
402.8409	
403.7489	
403.1565	
404.8411	
405.4088	
405.9463	
406.5534	
406.9297	
406.8207	
406.6142	
408.2541	
408.4233	
409.2651	
409.3870	
409.8911	
409.0716	
409.7229	
409.9924	
410.9700	
410.3689	
410.6789	
409.8177	
409.8545	
410.1092	
410.8640	
410.5813	
411.2885	
411.6504	
410.7042	
411.3424	
410.5730	
411.9681	
412.7912	
413.2514	
414.8853	
415.8773	
416.8800	
416.6729	
415.4937	
417.8628	
417.7510	
417.2164	
418.0036	
417.4864	
419.8538	
418.1134	
416.8616	
417.6107	
418.1328	
419.2703	
419.1765	
419.7953	
421.9205	
421.4377	
422.3744	
422.3998	
421.2859	
421.8212	
422.7353	
422.1673	
422.3356	
421.8090	
420.2694	
419.1986	
419.8597	
420.6691	
420.9876	
420.0729	
421.0718	
420.4129	
420.5281	
420.5591	
420.7672	
421.9994	
422.9470	
423.4431	
424.2848	
423.0557	
421.3076	
420.8251	
421.3572	
419.7935	
419.5276	
420.3059	
419.9215	
419.1702	
419.0423	
420.6126	
421.5681	
422.4691	
421.9767	
423.3564	
422.6433	
421.4427	
421.1674	
420.5372	
419.9226	
420.9522	
419.8784	
420.3790	
421.8829	
421.3710	
422.9351	
422.6754	
422.9175	
423.5215	
424.5650	
424.2154	
424.3460	
424.3780	
424.9016	
425.0252	
425.6595	
426.2365	
423.4141	
424.9187	
425.2885	
424.6994	
423.8410	
423.7390	
423.4167	
422.0091	
421.2616	
422.2635	
421.9047	
421.0093	
421.8824	
420.1132	
421.2976	
420.5410	
419.6818	
418.4286	
417.6615	
417.8084	
417.3312	
416.9329	
414.9695	
414.9744	
415.6701	
416.3629	
419.2924	
421.1495	
424.1998	
430.8205	
435.2170	
438.3861	
440.8653	
441.7899	
443.1507	
442.9791	
443.3346	
444.5013	
444.8606	
445.2821	
446.0050	
445.2999	
444.0759	
444.9346	
444.1382	
445.1032	
444.6078	
445.7917	
445.4574	
446.4912	
446.2864	
445.6271	
445.7789	
444.7878	
444.5334	
443.5971	
441.6479	
441.4813	
440.7751	
440.0327	
439.7061	
438.6350	
437.1368	
436.8646	
435.4535	
436.7005	
436.4141	
436.4426	
435.5260	
436.0847	
436.0073	
434.0009	
434.4197	
433.2018	
431.7370	
431.1356	
430.2826	
428.3682	
427.3454	
427.1404	
425.3592	
425.4670	
425.1851	
424.7427	
425.7050	
424.1848	
423.3669	
422.6227	
421.8357	
420.9222	
421.0993	
421.4604	
419.7524	
419.0990	
418.3849	
417.5877	
416.1910	
415.7650	
415.1942	
414.6621	
414.1716	
414.8161	
414.8937	
414.6491	
414.4568	
414.2285	
414.7010	
414.3286	
413.4459	
411.5676	
412.3907	
410.5679	
412.1616	
410.6412	
410.4965	
409.4903	
408.2209	
407.9177	
407.8138	
405.9896	
405.9663	
404.9132	
403.8793	
402.4761	
403.9400	
402.7216	
400.4743	
400.6089	
400.8058	
397.9087	
397.5029	
394.4349	
395.9448	
395.2784	
396.0833	
395.4338	
395.1500	
394.5547	
394.1832	
392.5191	
393.3947	
392.4843	
392.8111	
391.1758	
390.4300	
390.4981	
390.5846	
390.1617	
389.6185	
388.1301	
387.9717	
388.1519	
386.2020	
385.0125	
383.6676	
382.0681	
382.6578	
381.0789	
380.8344	
380.7922	
379.1454	
377.9957	
377.5599	
376.9595	
376.7498	
376.0596	
376.3172	
374.3059	
374.2209	
373.1377	
372.3670	
371.6687	
370.4205	
369.2207	
368.5909	
368.1604	
366.8878	
367.1507	
365.3368	
365.5046	
365.9472	
363.2224	
363.1775	
361.4869	
360.1260	
359.2727	
358.4078	
358.2508	
357.8601	
358.2841	
361.3626	
363.9406	
366.0937	
367.4383	
368.3493	
370.0510	
369.0934	
369.2703	
369.9711	
370.6226	
369.1925	
368.9895	
368.8872	
367.9074	
368.5590	
367.7624	
367.7921	
367.3866	
365.9145	
365.5276	
364.5431	
366.0765	
364.0611	
365.1274	
363.1500	
362.5964	
361.2061	
361.0359	
360.4023	
360.4902	
358.5080	
358.7688	
358.0030	
357.0144	
356.8489	
357.1055	
356.4703	
356.7933	
354.9149	
354.8701	
354.3681	
353.3434	
353.5004	
353.0373	
353.5424	
352.7072	
352.1266	
350.9599	
350.8861	
349.6850	
348.6173	
347.5870	
347.3256	
346.0722	
345.4610	
344.0879	
344.0633	
343.6044	
342.4221	
341.5047	
340.6507	
340.9930	
340.4173	
339.5549	
339.5268	
338.1502	
338.4334	
336.7583	
368.7699	
351.5798	
327.1760	
325.9288	
324.6163	
322.6430	
321.0467	
321.8059	
320.1228	
319.9775	
318.2407	
317.8727	
316.5685	
315.6526	
316.5157	
315.0625	
314.3979	
313.0451	
313.2253	
311.8601	
310.9454	
311.0281	
311.0181	
309.9013	
309.6640	
309.3042	
308.8611	
307.7656	
306.8210	
306.0507	
305.1809	
304.4828	
304.1058	
304.1786	
303.7540	
304.3940	
303.9558	
302.8268	
300.9777	
301.0977	
300.1399	
298.8634	
298.0728	
297.0222	
296.2786	
296.0914	
295.6418	
295.0181	
293.8828	
293.9910	
292.7748	
291.6154	
290.7050	
289.2817	
290.1809	
290.2375	
289.5779	
289.6339	
289.2544	
290.2180	
288.6992	
289.3318	
289.3592	
289.5425	
289.0433	
287.4131	
287.8014	
286.6210	
287.5458	
286.8693	
286.3253	
284.1897	
286.2596	
284.2202	
282.7814	
283.4512	
283.4277	
282.8554	
282.5229	
282.0762	
279.6777	
280.1857	
279.4455	
280.0630	
279.0970	
278.1090	
277.9368	
277.2893	
276.6332	
276.9505	
275.2036	
274.8671	
274.5306	
274.1885	
273.5508	
273.0901	
273.0247	
272.9696	
272.1479	
272.1618	
272.5941	
271.2200	
271.1779	
270.3288	
270.1303	
270.0930	
268.2739	
267.5000	
266.9572	
265.1808	
265.7617	
265.5463	
265.8437	
265.4885	
264.6287	
264.5104	
264.5287	
263.9486	
263.5691	
263.4890	
262.7497	
261.9039	
261.7178	
260.2884	
260.2341	
259.1732	
258.1113	
257.6811	
257.3153	
257.2862	
256.6544	
255.5568	
255.7791	
255.4129	
255.2616	
253.8870	
254.5510	
253.1597	
251.8429	
252.8383	
251.1309	
251.3666	
250.7421	
250.1286	
249.9322	
249.5514	
249.6207	
249.1929	
247.9285	
248.0892	
249.3139	
248.4570	
248.5317	
248.5471	
248.2813	
246.5899	
246.7015	
246.1155	
245.7642	
245.1505	
244.3095	
244.2215	
243.3940	
243.6504	
242.5212	
243.0955	
242.7031	
242.5159	
242.4523	
242.1250	
241.9400	
241.0809	
241.2969	
240.5533	
240.5078	
240.0490	
239.2240	
238.5394	
238.7131	
237.7888	
238.2762	
236.8329	
236.3548	
236.0201	
236.1694	
235.0274	
235.1414	
234.2879	
234.6817	
233.5984	
233.3690	
232.4522	
231.9832	
232.4338	
231.1562	
231.3285	
230.2729	
230.4283	
229.8704	
228.7710	
228.8624	
228.2591	
227.8566	
227.3531	
227.2874	
227.6254	
226.4769	
225.5488	
224.5644	
223.7488	
222.8442	
221.1640	
220.8480	
219.4260	
219.3929	
219.3708	
218.6648	
217.9420	
217.2931	
217.1210	
218.0486	
217.5028	
215.4544	
215.8411	
215.5539	
215.1844	
214.8339	
214.7222	
213.9398	
213.9876	
212.8639	
212.6287	
212.7430	
213.0366	
211.3577	
210.5155	
211.4696	
211.5467	
210.3967	
210.2589	
210.2661	
208.7435	
208.5531	
207.7365	
207.5927	
206.8211	
206.7848	
204.8827	
206.3405	
203.5903	
203.9257	
203.9374	
203.5193	
203.1678	
203.5519	
203.4739	
203.0622	
201.9973	
202.2830	
201.5580	
201.3991	
201.1996	
199.5840	
199.7530	
199.5580	
198.8016	
199.0088	
198.4395	
197.2653	
196.7923	
196.4009	
195.4548	
194.7825	
193.7025	
193.3321	
192.0053	
192.3111	
192.1572	
190.9269	
189.6839	
189.8642	
189.7766	
189.1131	
188.8187	
188.3777	
188.8714	
188.4665	
187.6110	
188.6046	
187.6817	
187.6461	
186.6492	
187.0932	
185.9351	
185.7201	
184.1949	
183.2482	
181.2540	
180.1327	
179.8927	
180.4323	
179.4629	
179.6976	
180.2168	
178.9894	
178.8329	
179.3403	
178.6722	
177.9963	
178.2468	
177.5473	
176.6558	
176.9027	
175.9552	
175.1440	
173.0825	
173.7052	
171.9324	
171.9062	
170.9152	
170.3024	
169.6590	
168.6212	
168.3818	
167.5398	
167.6179	
166.8922	
166.5638	
166.6658	
165.0883	
165.1082	
163.9497	
162.2782	
161.3926	
160.2400	
159.9011	
158.9667	
159.2505	
158.6911	
158.3618	
157.2066	
156.9198	
156.5702	
156.1567	
155.4265	
154.1213	
153.1866	
151.9875	
151.4302	
150.2660	
150.9464	
151.7907	
153.4612	
156.9967	
161.8460	
166.2858	
169.7010	
174.3316	
176.5332	
178.7492	
180.1730	
181.9085	
183.2733	
184.2184	
184.4886	
184.6185	
185.6977	
186.4427	
185.9468	
186.4128	
185.7697	
185.7198	
185.8730	
185.8713	
185.7340	
185.6019	
185.7217	
185.3978	
185.5670	
185.5413	
185.9267	
184.5259	
185.1691	
184.6560	
183.9523	
184.1636	
183.8165	
183.6437	
182.5945	
182.7168	
181.3058	
181.3580	
181.9649	
181.6915	
180.9598	
180.9557	
180.0640	
181.1389	
179.8967	
180.6339	
180.1082	
179.7364	
179.2016	
179.5489	
178.7819	
178.4615	
177.9922	
178.3077	
176.9768	
175.9604	
176.5540	
174.9273	
175.2254	
174.5322	
174.7478	
173.9898	
173.1956	
173.2397	
173.9960	
173.8746	
173.7255	
173.2928	
172.6922	
172.9346	
172.5074	
172.3161	
171.7564	
172.7695	
171.4188	
170.1307	
169.4565	
168.7510	
168.4696	
168.6061	
173.1785	
171.5979	
170.5033	
170.1596	
169.2031	
168.7347	
168.1397	
167.5056	
166.8254	
166.8246	
165.6635	
165.4900	
164.3309	
165.2082	
164.2074	
164.9156	
164.0433	
164.7112	
165.1215	
164.7707	
164.7873	
164.9022	
164.4078	
164.6230	
163.8488	
164.4126	
164.0526	
163.5466	
163.9599	
163.0374	
163.1588	
163.0848	
163.2096	
163.2229	
162.9655	
162.4316	
161.8219	
161.4633	
162.1797	
162.2498	
161.0201	
160.0622	
159.9495	
160.6441	
160.2509	
159.4154	
159.3697	
159.3607	
159.7207	
159.4119	
160.6808	
161.3176	
162.5785	
163.8223	
164.2885	
166.8122	
167.4413	
169.2779	
171.0642	
172.2304	
174.2736	
175.3224	
176.4234	
176.6078	
177.8608	
178.0876	
178.7882	
179.8369	
178.9425	
179.0112	
179.2874	
179.9760	
180.0826	
180.0357	
179.5443	
179.4021	
179.6888	
178.8352	
178.6465	
178.1154	
178.3061	
177.3844	
177.6968	
177.3634	
176.6959	
175.8610	
175.4241	
175.3113	
174.4432	
173.7880	
172.7513	
172.5417	
172.5467	
170.8315	
171.4307	
170.6811	
169.7115	
168.8195	
168.6847	
168.5452	
168.1879	
168.7715	
169.3900	
168.9518	
170.1113	
170.1010	
169.7313	
168.6857	
166.8925	
165.8801	
164.8652	
164.2925	
163.6376	
162.3397	
161.9317	
161.1416	
158.9462	
158.7874	
157.4355	
156.4397	
155.6184	
154.7689	
153.2672	
152.3866	
150.9936	
150.8434	
150.1231	
149.3870	
148.6485	
147.8535	
148.0583	
147.0463	
146.5818	
145.8962	
144.4290	
143.2071	
142.2500	
140.4180	
139.8292	
137.9180	
136.2485	
134.6601	
131.8452	
130.4181	
127.8218	
125.1504	
122.1341	
118.3038	
115.6745	
111.7178	
108.0609	
104.9315	
102.3109	
99.9263	
98.0593	
95.6415	
92.4874	
90.4075	
87.7906	
85.5465	
82.8712	
80.1753	
77.6196	
74.6847	
71.2241	
68.3814	
65.3587	
60.4450	
54.4547	
47.8746	
41.1196	
34.4762	
27.8818	
22.0198	
16.6959	
11.8312	
8.0664	
5.6160	
4.4912	
4.4359	
4.2996	
4.1242	
4.1635	
4.0386	
4.0785	
3.9443	
3.8675	
3.8158	
3.8263	
3.6344	
3.5868	
3.4944	
3.4337	
3.3803	
3.3721	
3.3322	
3.2703	
3.2697	
3.2368	
3.1045	
3.1014	
2.9550	
3.0287	
2.9454	
2.9086	
2.8088	
2.7943	
2.7328	
2.7659	
2.7252	
2.6901	
2.5848	
2.5577	
2.5965	
2.5763	
2.5170	
2.5738	
2.4763	
2.4813	
2.4476	
2.4043	
2.4028	
2.3633	
2.3207	
2.3840	
2.3707	
2.2826	
2.2089	
2.3074	
2.2538	
2.2125	
2.2401	
2.2110	
2.1914	
2.2205	
2.1284	
2.1099	
2.0701	
2.0949	
2.1133	
2.1065	
2.0763	
2.0435	
2.0044	
1.9933	
1.9848	
2.0213	
2.0463	
1.9921	
1.9672	
2.0355	
1.9633	
1.9397	
1.9731	
1.9279	
1.8985	
1.8564	
1.8781	
1.8997	
1.8761	
1.9036	
1.8929	
1.8768	
1.8501	
1.9006	
1.8720	
1.8358	
1.8283	
1.8134	
1.8032	
1.8440	
1.8357	
1.8524	
1.8341	
1.7706	
1.8725	
1.8592	
1.7163	
1.8086	
1.7916	
1.7521	
1.7238	
1.7416	
1.6809	
1.7417	
1.7743	
1.7478	
1.7432	
1.7592	
1.7262	
1.7334	
1.7076	
1.7096	
1.6773	
1.7033	
1.7333	
1.7269	
1.6834	
1.6858	
1.6666	
1.7102	
1.7337	
1.6662	
1.6753	
1.6570	
1.6957	
1.7805	
