2.4163	
2.4439	
2.5067	
2.4908	
2.4239	
2.4646	
2.5151	
2.4421	
2.4607	
2.4403	
2.4395	
2.4217	
2.4809	
2.4776	
2.4150	
2.5204	
2.3830	
2.4650	
2.4432	
2.4439	
2.4855	
2.4765	
2.4515	
2.4685	
2.4736	
2.5030	
2.4689	
2.4253	
2.4222	
2.4773	
2.4851	
2.4212	
2.4842	
2.4507	
2.4570	
2.4078	
2.4727	
2.4436	
2.5313	
2.4510	
2.4466	
2.4562	
2.4782	
2.4249	
2.4738	
2.4514	
2.4532	
2.4271	
2.4661	
2.4388	
2.4837	
2.4206	
2.4513	
2.4177	
2.4296	
2.4349	
2.4143	
2.4539	
2.4674	
2.4117	
2.4682	
2.4841	
2.5015	
2.4315	
2.4691	
2.4776	
2.4194	
2.4621	
2.4580	
2.5014	
2.4444	
2.4367	
2.4595	
2.4728	
2.4602	
2.4803	
2.5159	
2.5315	
2.5091	
2.4378	
2.4404	
2.4156	
2.4324	
2.4032	
2.4401	
2.4381	
2.4196	
2.4332	
2.4421	
2.4175	
2.4148	
2.4799	
2.4320	
2.4326	
2.4269	
2.4858	
2.5376	
2.4406	
2.5491	
2.4147	
2.4932	
2.5214	
2.4604	
2.5442	
2.4767	
2.5043	
2.5187	
2.5453	
2.5302	
2.5294	
2.5519	
2.5332	
2.5996	
2.6237	
2.6793	
2.6865	
2.6718	
2.7760	
2.7861	
2.8266	
2.7269	
2.9938	
2.8473	
2.8849	
2.9420	
3.0952	
3.1285	
3.1615	
3.3092	
3.3842	
3.4354	
3.4975	
3.7424	
3.8243	
4.1220	
4.3258	
4.5279	
5.0101	
5.3428	
6.0485	
6.5673	
7.6872	
11.3577	
25.6919	
46.8784	
67.5924	
89.5572	
110.7830	
132.1952	
152.8277	
174.1482	
194.4288	
215.8186	
235.1583	
257.1982	
276.5044	
296.0030	
314.4406	
332.1895	
341.5784	
343.7714	
345.0049	
343.0449	
343.0427	
342.2660	
342.3392	
342.5869	
343.2484	
341.6979	
341.6663	
340.5607	
342.0716	
341.4559	
341.5130	
340.5424	
340.3138	
341.4744	
339.7112	
340.7010	
340.4235	
340.0913	
339.8501	
340.3479	
338.9657	
337.8950	
340.0088	
339.8860	
339.1839	
339.6193	
339.3686	
339.9569	
338.7269	
338.9901	
338.8827	
338.8234	
338.4356	
338.2600	
338.2664	
338.2742	
337.0042	
337.5578	
334.9581	
336.9012	
336.2492	
336.2878	
336.8945	
336.5308	
335.7966	
336.6581	
335.8067	
336.2471	
336.8713	
337.8503	
340.6729	
342.4763	
344.3486	
344.2998	
344.2336	
344.8786	
345.4721	
344.6219	
344.9066	
343.7407	
344.3335	
344.3839	
344.2518	
344.8405	
345.1935	
346.4486	
345.4186	
344.5215	
345.1065	
345.3035	
346.1887	
346.4823	
345.2544	
346.5886	
347.4880	
347.8017	
345.7992	
345.4421	
345.4487	
346.2553	
345.9530	
346.0079	
346.2686	
345.0078	
345.2745	
346.0883	
349.0853	
349.8775	
349.2527	
350.3595	
351.8799	
352.1776	
354.2618	
352.7736	
353.9289	
353.0307	
353.8453	
352.6907	
353.5515	
354.2654	
353.1254	
354.5888	
355.4549	
355.8253	
356.5832	
356.4895	
355.6632	
354.4337	
354.4547	
355.9297	
355.7639	
355.1353	
356.3322	
355.4257	
355.6450	
356.4334	
357.9635	
357.0983	
357.2977	
357.7395	
357.3879	
357.4986	
357.1739	
355.7898	
356.8566	
359.5618	
358.0352	
359.3665	
359.6165	
359.1151	
360.9940	
360.1523	
359.9203	
359.6424	
361.0261	
359.9877	
361.2094	
360.3945	
360.4300	
361.8467	
362.6938	
361.3248	
361.9745	
362.3091	
362.3904	
364.7422	
366.2715	
368.4926	
370.4475	
370.7016	
371.4628	
371.9025	
372.5927	
372.7761	
374.3047	
374.4031	
373.8684	
376.3987	
376.5207	
375.1115	
376.5649	
375.8899	
376.0773	
378.2784	
379.6280	
381.4842	
382.9460	
385.0900	
384.8425	
385.2047	
386.1477	
387.6305	
386.1531	
385.3170	
385.1462	
386.3053	
386.2378	
386.8955	
432.3278	
419.6956	
400.1068	
400.9025	
399.1978	
398.9366	
399.4567	
400.6148	
400.2154	
401.2789	
400.4367	
402.9750	
403.6860	
407.0336	
408.0165	
408.3566	
408.8024	
410.3039	
409.8450	
410.2316	
410.2093	
410.7431	
411.0700	
412.6734	
415.4178	
415.1048	
415.2936	
415.3743	
416.2567	
415.8208	
417.6486	
416.1827	
418.1319	
415.9914	
416.7740	
417.1702	
417.7281	
417.0798	
417.3868	
418.7865	
418.8186	
419.3607	
418.8135	
419.5969	
419.8854	
418.6935	
420.2183	
421.5245	
421.2195	
421.3300	
421.7173	
418.9604	
420.3571	
419.6897	
421.8503	
421.9753	
421.9717	
422.3127	
421.5211	
421.7478	
422.0857	
423.8560	
424.9654	
427.1985	
424.9321	
426.4169	
427.2377	
427.1995	
425.7048	
427.9310	
426.9597	
427.4017	
428.6759	
427.1107	
426.5023	
426.4597	
425.1697	
425.4633	
427.0084	
426.5129	
427.3624	
428.1331	
428.8645	
427.5011	
427.1209	
428.0198	
427.4406	
428.4845	
428.5876	
428.3240	
428.1995	
427.0701	
427.1361	
427.3713	
427.5780	
426.9158	
427.1603	
427.0096	
425.0344	
425.7190	
426.2088	
427.5374	
426.3995	
425.9634	
425.6879	
425.8646	
425.3824	
425.0181	
423.3510	
424.8694	
425.3181	
425.5013	
427.3659	
424.9599	
426.6706	
426.3990	
425.6670	
425.4469	
425.7752	
425.6644	
426.1453	
426.6859	
428.8544	
427.2266	
427.0983	
426.0839	
424.6800	
425.4728	
426.7843	
427.6342	
426.7916	
426.5894	
427.3879	
427.2949	
427.1496	
426.3941	
426.6822	
426.4538	
426.4181	
425.3279	
424.3240	
422.7411	
422.7691	
424.1982	
425.1731	
424.9735	
423.8668	
423.4637	
422.8742	
420.9120	
419.9783	
420.6576	
420.6091	
420.4763	
420.2308	
420.2423	
418.4050	
417.6707	
417.4372	
418.1136	
416.8876	
416.5497	
417.1123	
418.7603	
416.4431	
416.3434	
416.0062	
416.7491	
418.2210	
419.3596	
423.0202	
429.0400	
433.5458	
435.1307	
438.1381	
439.5392	
439.3908	
440.2047	
440.7382	
441.7580	
442.6258	
443.4037	
442.2418	
443.4407	
443.3586	
442.3971	
442.3724	
440.3709	
439.8165	
440.8023	
440.1094	
440.7887	
440.6060	
440.0760	
440.0571	
437.9973	
437.3481	
435.3511	
436.4449	
436.4267	
436.2507	
434.7155	
432.7591	
433.1154	
431.6777	
430.1852	
429.2610	
427.6890	
426.8936	
427.0057	
427.4406	
426.8477	
427.1869	
428.4533	
428.0129	
426.8611	
425.4774	
424.9265	
425.1965	
423.1479	
423.2438	
421.1539	
420.8239	
420.9688	
421.3235	
418.5101	
419.3816	
417.4286	
417.3036	
416.9284	
418.2642	
416.7741	
416.1422	
415.5545	
415.1397	
413.4829	
412.2276	
412.1495	
412.3695	
411.6099	
410.9222	
409.5334	
409.9589	
410.0113	
408.5024	
407.1744	
407.5605	
407.7587	
407.1457	
406.6376	
406.5940	
406.3819	
404.6757	
403.8091	
402.7263	
403.3781	
402.4485	
401.2348	
400.0661	
398.4865	
398.2138	
397.1795	
395.8973	
395.2383	
394.8425	
392.9288	
391.7269	
393.0942	
392.8716	
392.9034	
391.5526	
391.0457	
390.1130	
389.8877	
389.5197	
389.4957	
389.7094	
387.8567	
387.7723	
386.9881	
385.8819	
386.2809	
385.7356	
383.6682	
382.6918	
383.3864	
382.0960	
382.3758	
380.6188	
380.7826	
379.3528	
378.8418	
378.6447	
378.4474	
375.9323	
376.5015	
374.4086	
373.9886	
372.9597	
371.9039	
371.0377	
369.8732	
369.9906	
369.2086	
369.3196	
369.0619	
368.4599	
367.9648	
368.5104	
367.8494	
366.5727	
366.7569	
365.0677	
363.4194	
362.8639	
359.8230	
359.1721	
359.5787	
359.3602	
358.4622	
358.1532	
357.5446	
357.0705	
356.4259	
356.0679	
354.4779	
354.6122	
354.1027	
352.9624	
352.6219	
351.6563	
351.9199	
355.3858	
356.7253	
358.2583	
360.4346	
359.2662	
359.0894	
359.8381	
357.9183	
359.7165	
359.2666	
357.9777	
358.0641	
358.6551	
359.0107	
359.3558	
358.8055	
357.7482	
357.3128	
354.9097	
356.3865	
355.9085	
355.1665	
354.4794	
353.5680	
353.8844	
353.8901	
351.9434	
352.2479	
352.0741	
351.7894	
350.5661	
350.0835	
349.5742	
348.9510	
347.9629	
347.5974	
346.7820	
346.5059	
346.5861	
345.8880	
343.4687	
343.8496	
342.9881	
343.5803	
342.3817	
341.5214	
341.5527	
341.3926	
341.9338	
339.6210	
340.2717	
338.7312	
337.7130	
338.1493	
337.0049	
337.1127	
336.0545	
335.2917	
334.9630	
334.0742	
333.1385	
332.4017	
332.6077	
330.0077	
329.1408	
329.9923	
330.2582	
328.2360	
359.2509	
339.2106	
317.9844	
316.9735	
315.2783	
314.0591	
310.7878	
310.3344	
309.0975	
308.9324	
308.9623	
307.0608	
305.7661	
304.8104	
303.5172	
302.6650	
300.6406	
299.6575	
298.3970	
298.2982	
297.7938	
297.9104	
298.0300	
296.8739	
297.6131	
295.4587	
297.7593	
297.6513	
296.9181	
296.5749	
296.4978	
295.6904	
294.6711	
294.4322	
294.2067	
294.2249	
293.7986	
293.1625	
293.3665	
292.9457	
289.4907	
290.9110	
288.7805	
287.8207	
287.4177	
286.3617	
286.1468	
284.8644	
283.6094	
283.0133	
282.7832	
282.6216	
282.6609	
281.9296	
281.6432	
280.9134	
280.8054	
280.6660	
280.0406	
280.7156	
278.8052	
280.6427	
278.9806	
279.0795	
278.5585	
277.3741	
276.7905	
275.9028	
275.7165	
273.7807	
273.6193	
272.8038	
272.4044	
272.0341	
272.5921	
272.3981	
272.5006	
272.5630	
272.4651	
272.2789	
271.7198	
270.7559	
270.3266	
269.9303	
269.8835	
268.7659	
267.6525	
266.5601	
267.0959	
266.9763	
265.6336	
264.5952	
264.3188	
263.9000	
262.2529	
262.1559	
262.4435	
261.8920	
261.0128	
260.1595	
261.2639	
261.0037	
260.4273	
260.4366	
260.4373	
259.8110	
260.1216	
258.8290	
258.8835	
258.2166	
257.0296	
256.1061	
255.9655	
255.9494	
256.1193	
255.7365	
254.4084	
253.6361	
253.0927	
253.5145	
252.8992	
252.5515	
250.8042	
251.2361	
250.8074	
250.3584	
249.6902	
248.0921	
248.0240	
247.6161	
247.7621	
248.4068	
247.4946	
246.9807	
246.3821	
246.5734	
245.6212	
246.4687	
245.5214	
243.4720	
243.7084	
241.8897	
242.0804	
243.0330	
241.5754	
240.6913	
240.1185	
239.2498	
239.9470	
238.8869	
238.6030	
238.7510	
238.0642	
238.7507	
238.8550	
237.9326	
237.1051	
237.8960	
237.5410	
236.4823	
236.6338	
235.1884	
234.7748	
233.4303	
232.7019	
233.0717	
232.2143	
231.8520	
230.9647	
231.7125	
230.5776	
230.1455	
229.6182	
229.2058	
228.6696	
228.0147	
226.9849	
226.8689	
225.5898	
224.3762	
224.3920	
224.4672	
223.2894	
222.7658	
222.1865	
222.0775	
221.4248	
221.5431	
222.1589	
221.3105	
220.4568	
220.4004	
219.5697	
219.2126	
218.4760	
217.4755	
216.6823	
216.1239	
215.1620	
214.4688	
213.6513	
213.2947	
213.6746	
213.4526	
214.0239	
212.9422	
213.2523	
212.0189	
211.6062	
211.3987	
210.8247	
209.4595	
210.2433	
209.4065	
210.2574	
209.1057	
208.2500	
208.4251	
207.7747	
207.9152	
207.7077	
206.1379	
207.7856	
207.8069	
206.7440	
206.8790	
206.1098	
205.5397	
206.1604	
205.4769	
204.7812	
204.8427	
203.8510	
204.1619	
203.4465	
203.5452	
203.2656	
201.6823	
202.1672	
199.9887	
199.8250	
199.0435	
197.7008	
197.1779	
197.4484	
195.3695	
194.2454	
194.1824	
193.3608	
193.3819	
192.8969	
193.2654	
192.7644	
193.4617	
193.2543	
194.2954	
193.6913	
193.9641	
193.0725	
192.9072	
192.5134	
191.4024	
190.7440	
189.3356	
189.1689	
189.0604	
187.5726	
187.2124	
186.2390	
185.6250	
184.4556	
184.6054	
183.4562	
184.4830	
183.3678	
183.9700	
183.4478	
182.5970	
182.1305	
181.7186	
181.1487	
180.5685	
179.2871	
179.0952	
177.8658	
177.2626	
176.4639	
176.3765	
175.8158	
174.2423	
174.5543	
173.4729	
174.0909	
173.7417	
173.5840	
173.6431	
173.3744	
172.0212	
171.7051	
170.9222	
171.5988	
172.5395	
171.8295	
171.2511	
171.2551	
170.5288	
170.1813	
170.1616	
170.1470	
168.8937	
168.9312	
170.1227	
168.9415	
169.4001	
168.5978	
168.5537	
167.4671	
166.2680	
165.4027	
165.3791	
164.2407	
163.6289	
162.7156	
162.0556	
161.6053	
160.8733	
159.2090	
159.5946	
158.8246	
157.2856	
156.6435	
155.6953	
154.0436	
152.5723	
152.0310	
151.5314	
150.8508	
150.0823	
149.3348	
148.9015	
148.6742	
148.2663	
148.5216	
149.1479	
146.8607	
147.6987	
147.7020	
146.5723	
146.1729	
146.2195	
146.0182	
146.8816	
149.5432	
152.3776	
157.1878	
161.0947	
164.9633	
167.4985	
170.9022	
172.2745	
173.7919	
176.2345	
176.2493	
176.7039	
178.0529	
178.7092	
177.8091	
178.4408	
178.2548	
179.0365	
178.9065	
179.3529	
177.9275	
178.6930	
178.1241	
178.0435	
176.7076	
177.1393	
176.5783	
176.5160	
175.3184	
175.0664	
175.6154	
175.3768	
175.5698	
174.8773	
174.0932	
173.7114	
174.0659	
173.4425	
173.2579	
172.8705	
172.6318	
172.6392	
171.7718	
172.6332	
172.1817	
172.1076	
170.8886	
172.1932	
171.6599	
171.0651	
170.5403	
170.5173	
169.8317	
169.0554	
168.1308	
170.7818	
168.7519	
168.8004	
169.2959	
168.2756	
167.4643	
168.6477	
167.8404	
166.7625	
166.9710	
166.9910	
167.0089	
166.8824	
165.5774	
166.0361	
165.1368	
165.6790	
165.2730	
163.8339	
163.4866	
164.1704	
163.6801	
163.1091	
163.6020	
162.2063	
162.0536	
161.6489	
167.7155	
165.7479	
162.9164	
163.0092	
161.9802	
161.3733	
161.4731	
161.2035	
160.0165	
160.0905	
159.8378	
160.4684	
159.1796	
159.3530	
159.6260	
158.9214	
158.6228	
158.4098	
158.8713	
159.0610	
158.9050	
158.3674	
158.9055	
158.2029	
157.4788	
158.0754	
157.8228	
156.9574	
156.1919	
156.1518	
155.8844	
154.8607	
153.8598	
154.5450	
153.7646	
153.5678	
152.9906	
153.6923	
153.2896	
153.4819	
153.7500	
153.9041	
153.0809	
153.5604	
152.6515	
151.3244	
151.9713	
151.8868	
152.8880	
151.8616	
153.4457	
153.2307	
154.8236	
156.9037	
157.8903	
159.7960	
161.4208	
162.9567	
164.8207	
167.2174	
169.3153	
171.8400	
173.8734	
175.0582	
176.0080	
177.8951	
178.7605	
179.0967	
180.8384	
180.8389	
180.4968	
181.6361	
181.9467	
182.3869	
181.1954	
181.5285	
181.6049	
180.5728	
179.8264	
180.1308	
179.8973	
180.2116	
179.1105	
179.0129	
178.0159	
177.7609	
176.9852	
176.5682	
175.4615	
174.5313	
173.5177	
172.8819	
172.3323	
171.2068	
171.0836	
170.8698	
171.2350	
169.7580	
169.6633	
168.8548	
168.9864	
169.7957	
169.0427	
170.7737	
171.1723	
171.3708	
171.8619	
170.9896	
170.4395	
168.3872	
167.0439	
166.2140	
164.7526	
163.9309	
163.5060	
161.9000	
162.0245	
160.2594	
158.7503	
157.7930	
156.9922	
156.1447	
154.1350	
154.5175	
154.1811	
153.1448	
151.7215	
151.2808	
150.2630	
149.4371	
149.3835	
148.5156	
148.7109	
148.1130	
147.0878	
146.9764	
146.4388	
145.9690	
144.8230	
143.5606	
144.0677	
143.4272	
142.4295	
140.9153	
139.8257	
139.5806	
138.2823	
136.9499	
135.6814	
134.1600	
132.8504	
132.2372	
130.5589	
127.6231	
125.7304	
122.2142	
120.1837	
116.5749	
113.5452	
110.0466	
107.0988	
103.8223	
100.0519	
95.5714	
88.9226	
81.0969	
72.5274	
64.2369	
56.2549	
49.3686	
41.2412	
33.9635	
27.2778	
20.5082	
15.4003	
11.0225	
8.0365	
6.5511	
6.1544	
5.7270	
5.6467	
5.5373	
5.4889	
5.3886	
5.2739	
5.1424	
5.1040	
4.9159	
4.8865	
4.8441	
4.7879	
4.7424	
4.6338	
4.6250	
4.4710	
4.3821	
4.3955	
4.1652	
4.1854	
4.0776	
4.1710	
4.0877	
3.9495	
3.8923	
3.9051	
3.7789	
3.7774	
3.7823	
3.6992	
3.6845	
3.6224	
3.5533	
3.5168	
3.5409	
3.4068	
3.4949	
3.4363	
3.2786	
3.3321	
3.3091	
3.3561	
3.3129	
3.2105	
3.2342	
3.1717	
3.0845	
3.1185	
3.0936	
3.0397	
3.0402	
3.0793	
3.0141	
3.0171	
3.0295	
2.9677	
2.9345	
2.9123	
2.8730	
2.9126	
2.9039	
2.9288	
2.7511	
2.7748	
2.7723	
2.8079	
2.7681	
2.7305	
2.8311	
2.7318	
2.8171	
2.7104	
2.7474	
2.7441	
2.7412	
2.7812	
2.7397	
2.7586	
2.7166	
2.6389	
2.6912	
2.6549	
2.6241	
2.6751	
2.5277	
2.6038	
2.6193	
2.5577	
2.5116	
2.4947	
2.6079	
2.5311	
2.5355	
2.5072	
2.5171	
2.4758	
2.5015	
2.5029	
2.5487	
2.5064	
2.4801	
2.5326	
2.4651	
2.5299	
2.4715	
2.4548	
2.4410	
2.4093	
2.4616	
2.4655	
2.3912	
2.5333	
2.3769	
2.3960	
2.3935	
2.3830	
2.4196	
2.3810	
2.4345	
2.3336	
2.3769	
2.3591	
2.3803	
2.3537	
2.4215	
2.3289	
2.3431	
2.4842	
