1.8085	
1.8266	
1.8054	
1.7973	
1.8179	
1.7603	
1.8015	
1.8218	
1.8119	
1.8446	
1.8105	
1.8124	
1.7985	
1.8129	
1.8617	
1.8353	
1.8532	
1.8146	
1.8463	
1.8011	
1.8650	
1.8436	
1.8398	
1.7798	
1.8488	
1.8473	
1.8407	
1.8505	
1.8219	
1.8121	
1.8324	
1.8147	
1.8238	
1.8352	
1.8587	
1.8398	
1.8219	
1.8347	
1.7766	
1.8271	
1.8529	
1.7901	
1.8181	
1.8368	
1.8440	
1.8494	
1.8271	
1.8204	
1.7765	
1.8216	
1.8545	
1.8047	
1.7899	
1.8250	
1.8025	
1.7918	
1.8396	
1.8384	
1.7756	
1.7922	
1.8070	
1.8518	
1.8206	
1.8300	
1.8386	
1.8182	
1.8132	
1.8366	
1.7997	
1.8242	
1.8532	
1.8445	
1.7982	
1.7940	
1.8883	
1.8028	
1.8053	
1.8276	
1.8161	
1.8436	
1.8174	
1.8050	
1.8159	
1.8331	
1.8246	
1.8246	
1.8307	
1.8437	
1.8391	
1.8475	
1.7815	
1.8284	
1.8297	
1.8173	
1.8223	
1.8337	
1.8295	
1.8478	
1.8541	
1.8278	
1.8563	
1.8520	
1.8543	
1.8660	
1.8412	
1.9154	
1.8775	
1.8880	
1.9024	
1.9162	
1.9478	
1.9487	
1.9610	
1.9504	
1.9850	
1.9490	
1.9900	
2.0406	
2.0674	
2.0852	
2.1024	
2.1245	
2.1920	
2.2455	
2.2684	
2.2938	
2.3828	
2.4447	
2.4903	
2.5661	
2.6816	
2.7232	
2.8938	
2.9922	
3.1080	
3.2521	
3.5302	
3.8196	
4.0701	
4.4590	
4.9765	
5.7100	
6.5592	
8.6894	
17.5718	
32.6671	
48.1749	
63.8633	
79.0718	
93.8359	
109.1004	
124.2550	
139.3314	
153.7461	
168.4026	
180.9712	
190.5271	
196.1907	
197.1163	
198.3607	
197.9374	
197.6521	
197.6243	
196.9201	
196.8506	
196.8229	
196.5833	
196.6174	
195.8752	
196.7929	
195.8159	
196.6461	
196.1802	
195.7824	
196.0416	
195.5779	
195.8107	
195.6022	
195.5916	
195.4497	
195.0051	
195.0937	
194.1112	
194.1267	
194.1000	
195.1074	
194.5136	
194.5604	
194.8644	
194.7232	
194.3122	
194.0592	
194.0132	
193.7051	
193.5432	
193.7516	
193.9651	
193.7099	
193.2320	
192.2728	
192.3498	
192.2126	
192.5729	
192.3055	
192.5109	
192.3653	
192.3102	
191.8190	
191.5353	
191.8735	
191.7970	
192.4221	
193.5105	
193.9195	
194.9685	
195.6649	
195.7599	
196.7454	
196.2776	
196.2324	
195.8822	
196.2077	
195.8410	
195.6968	
195.6869	
195.8912	
195.9465	
196.2019	
196.9344	
196.7941	
196.0716	
196.0071	
196.6280	
197.2018	
196.4915	
196.3356	
197.1311	
196.4240	
196.6841	
196.5066	
195.7297	
196.4207	
197.1863	
196.7861	
196.8184	
196.5424	
196.3149	
197.0577	
197.2020	
198.1828	
198.3781	
198.5534	
198.0865	
199.3472	
199.3749	
199.3034	
199.6357	
199.7636	
200.4729	
200.1121	
199.8328	
200.3108	
201.2131	
200.4868	
200.3929	
200.5824	
200.7098	
200.5503	
201.3195	
200.2758	
200.1642	
200.2879	
200.1853	
200.1163	
200.9555	
200.7370	
200.0167	
200.7123	
200.5509	
201.5370	
201.6090	
201.1929	
201.9326	
201.1086	
201.2954	
200.9305	
201.2784	
201.7745	
202.0865	
202.3803	
202.2657	
202.8604	
202.4394	
202.9884	
203.4078	
202.9206	
203.0517	
203.7654	
203.9273	
203.3044	
203.6170	
203.1218	
203.1799	
203.4532	
204.5178	
204.1323	
204.5016	
204.1505	
204.3728	
205.8325	
207.1375	
208.1584	
208.8324	
209.1124	
208.9940	
208.5301	
209.6413	
210.0095	
210.4210	
210.1757	
210.7085	
210.7865	
211.0490	
210.8490	
210.5783	
210.7345	
211.5834	
212.2142	
213.1015	
214.2539	
214.8691	
215.3654	
216.0066	
215.3214	
215.6030	
215.1582	
215.5864	
215.4191	
214.9344	
215.2188	
215.6122	
239.1564	
231.5136	
220.9694	
221.1039	
220.9132	
221.5326	
221.2640	
221.4994	
221.4601	
221.4418	
221.7036	
222.0642	
223.5678	
224.6651	
225.8710	
226.2152	
226.1840	
226.9102	
226.8221	
226.9485	
227.5412	
227.0821	
227.7409	
227.2728	
227.5435	
228.6861	
228.9838	
229.6843	
229.6264	
229.7834	
230.1800	
230.8093	
230.8955	
231.0546	
230.5793	
231.2119	
230.6891	
230.7557	
230.7627	
230.9142	
231.7031	
231.3541	
231.6553	
231.3272	
232.2522	
231.4125	
231.9422	
231.9564	
231.9093	
231.2610	
230.8982	
230.8322	
231.1945	
231.0804	
231.3269	
231.7204	
232.2940	
231.4269	
231.5302	
232.3963	
233.2733	
233.6549	
233.9287	
234.5643	
234.6175	
234.4481	
234.8978	
234.8049	
234.8394	
235.3540	
235.3002	
235.2832	
235.0839	
233.9068	
234.8005	
234.1864	
233.6666	
234.0448	
234.3454	
235.2618	
235.0181	
234.9816	
235.0355	
234.8036	
236.1707	
235.2985	
235.6618	
235.3549	
235.3900	
235.5064	
235.1735	
234.2435	
235.1917	
235.7308	
235.1635	
234.4492	
234.2291	
234.2748	
234.6678	
234.6889	
234.7928	
234.9491	
235.1593	
234.8429	
234.5747	
234.1049	
234.4933	
233.3483	
233.7513	
233.6476	
234.3312	
233.5544	
232.5975	
232.9038	
232.9937	
233.5478	
233.3401	
233.9264	
233.5157	
233.6998	
233.7046	
234.0027	
233.8837	
233.8051	
233.5042	
232.0325	
232.3807	
232.1619	
232.8228	
232.9786	
233.5041	
234.2840	
233.0551	
233.5084	
233.4841	
234.3365	
233.4609	
234.1971	
233.2832	
233.1938	
232.7064	
231.8940	
231.7520	
232.4758	
231.8084	
231.5146	
231.9920	
231.7894	
231.0798	
230.4723	
229.3132	
229.7424	
230.1714	
230.4315	
230.1982	
229.6598	
229.8688	
229.2072	
228.3946	
228.2756	
228.1545	
227.9183	
227.9630	
227.5319	
227.4088	
227.5850	
227.9224	
228.0464	
228.7409	
229.3840	
231.3280	
233.7450	
235.8920	
236.1481	
237.6031	
238.1219	
238.8368	
239.0740	
238.9728	
239.6045	
239.7151	
240.5090	
240.5080	
240.0314	
240.1449	
239.2882	
239.1844	
240.0656	
239.6561	
239.1506	
239.9375	
239.6393	
239.3718	
239.6385	
238.1413	
237.8851	
238.0125	
237.5152	
236.9566	
237.5303	
236.5457	
236.4488	
234.6920	
233.7292	
233.9246	
233.9189	
233.5128	
233.4700	
234.2519	
233.4087	
232.9006	
232.9537	
232.0147	
232.6080	
232.0554	
232.4747	
230.9986	
230.3922	
229.1292	
229.4068	
229.3401	
228.9186	
228.0901	
227.3734	
227.5443	
227.7637	
227.6478	
227.0927	
226.5759	
226.3927	
226.5242	
226.1128	
226.0562	
225.8507	
224.2157	
222.9427	
223.4524	
222.5998	
222.4751	
221.6861	
221.4691	
221.3282	
220.3793	
220.9627	
220.9180	
220.0991	
219.8913	
220.8458	
220.5450	
220.2457	
219.5434	
218.8665	
219.1105	
218.6697	
218.1317	
217.8668	
217.6818	
217.1989	
216.5992	
216.3666	
215.9181	
215.3870	
215.0996	
214.0534	
212.9236	
213.6858	
212.8633	
212.6734	
212.8614	
212.5349	
212.4897	
212.0081	
211.3035	
211.9508	
210.3425	
211.2090	
210.3065	
211.2515	
210.1462	
209.3942	
209.6721	
208.5448	
208.3313	
208.0045	
207.4590	
207.0142	
206.7189	
206.9944	
205.8499	
205.9586	
205.4575	
204.4960	
204.6088	
204.5464	
203.7430	
203.4917	
203.4398	
201.5710	
201.4984	
200.8621	
200.1609	
199.3227	
199.5412	
200.3426	
199.7005	
199.4319	
199.3717	
198.9235	
199.1167	
198.3519	
198.2695	
197.3287	
197.2785	
196.0982	
194.5710	
194.4810	
194.0398	
193.9732	
193.7124	
193.9837	
193.7475	
193.6235	
192.3314	
192.5410	
192.0621	
191.5238	
190.3852	
190.4430	
189.9221	
189.0543	
188.7584	
189.5448	
190.2260	
190.9004	
191.9024	
192.0887	
192.4866	
192.4053	
192.6352	
192.2980	
192.1902	
192.3844	
192.4829	
191.7683	
191.5091	
191.8452	
191.5297	
192.1130	
191.4604	
191.4686	
191.4682	
190.6737	
190.7962	
190.7666	
190.3418	
190.3270	
189.7153	
189.3363	
189.2956	
189.4396	
189.0556	
188.4606	
187.5625	
188.1684	
187.6540	
186.5304	
186.6516	
186.6267	
186.1567	
185.2983	
185.2168	
185.2408	
185.1964	
183.6718	
183.9398	
184.0709	
183.1800	
183.3822	
182.8555	
182.7424	
182.9102	
182.3715	
181.9637	
181.9884	
181.7923	
180.9435	
180.4102	
180.3022	
179.9709	
179.3865	
178.5347	
177.7522	
177.4237	
177.2487	
176.5350	
176.3465	
176.4026	
175.9953	
175.7252	
175.0989	
188.1104	
180.7089	
170.1700	
168.9075	
167.7778	
166.7574	
166.7684	
165.6815	
165.1949	
164.5227	
163.9831	
163.2411	
163.0447	
162.0292	
161.0801	
160.6772	
160.0247	
159.4272	
158.6212	
158.4265	
158.7962	
157.4908	
158.3922	
158.4334	
158.4008	
157.5810	
158.1286	
157.6538	
157.8130	
156.9424	
157.0276	
156.8448	
156.5165	
155.9168	
156.8917	
155.4763	
155.5837	
155.1375	
154.9358	
154.3911	
154.0227	
153.1525	
152.5286	
151.8198	
151.5700	
151.3415	
150.7965	
150.4711	
150.1277	
150.4274	
150.1057	
149.7048	
149.9451	
149.7364	
149.8834	
149.4578	
149.6395	
149.3550	
148.9564	
149.0115	
148.7513	
148.5959	
148.5415	
148.0498	
147.9059	
147.8695	
147.3009	
146.9917	
146.3223	
145.3178	
145.0737	
145.4628	
145.7036	
145.4272	
144.6482	
144.9902	
144.5334	
145.0629	
144.8583	
144.4087	
143.9368	
144.0639	
143.1307	
143.0109	
142.5876	
142.2760	
142.5418	
141.8076	
141.2140	
141.4322	
141.3818	
140.7931	
140.5496	
140.4979	
140.4346	
139.4897	
139.3457	
139.5833	
139.1521	
138.9805	
139.1763	
138.7949	
138.7745	
138.0592	
138.0220	
138.3648	
137.8404	
137.7439	
137.2993	
137.1162	
136.9243	
136.6544	
136.3214	
136.6032	
135.7051	
134.8984	
135.5609	
134.5333	
134.2917	
134.2766	
134.0000	
133.3644	
133.8382	
133.4180	
133.2064	
132.4917	
132.7642	
131.9665	
131.9794	
131.5220	
131.6761	
131.8475	
131.1442	
130.9771	
131.0261	
130.9467	
130.1871	
130.2728	
129.5424	
129.3454	
129.3342	
129.1547	
128.9464	
128.3596	
128.1668	
128.0281	
127.9886	
127.6738	
127.5618	
127.7189	
127.0688	
126.7866	
127.0657	
126.2791	
126.4830	
126.2850	
125.5620	
125.2553	
125.5033	
124.7453	
125.0548	
124.2707	
124.0082	
123.9519	
123.7792	
123.3950	
123.1133	
123.4246	
123.1843	
122.8810	
122.8596	
121.9714	
121.7989	
121.5688	
121.3681	
121.0645	
120.3900	
120.1980	
119.9081	
119.3970	
119.4186	
119.1118	
118.2802	
118.4594	
118.5390	
118.2741	
117.7466	
117.3543	
117.3306	
116.7957	
116.7722	
116.4136	
116.0247	
115.7848	
115.7673	
115.0376	
114.3314	
114.6950	
114.1800	
113.8867	
113.9717	
113.7510	
113.5655	
114.0007	
113.2737	
113.1614	
113.0696	
112.9324	
112.6459	
112.8154	
111.7252	
111.5191	
111.1388	
110.9843	
110.8006	
110.5249	
109.9865	
109.4115	
109.9494	
109.7671	
109.3741	
109.1587	
109.4355	
109.3726	
108.5424	
108.2262	
108.9018	
108.3934	
108.6505	
108.2824	
109.1001	
108.2429	
107.8931	
107.7061	
108.1610	
107.7795	
107.4957	
107.4011	
107.0732	
106.3634	
105.8825	
105.8509	
104.6666	
104.4183	
103.9367	
103.9202	
103.3533	
102.8726	
102.4092	
102.6173	
101.7500	
102.1343	
102.2563	
102.4627	
102.4738	
102.2131	
102.7039	
102.4589	
102.4589	
101.9159	
101.8751	
101.0748	
100.6945	
100.4794	
100.1290	
99.9171	
98.6942	
98.9581	
98.5192	
97.9579	
98.0978	
97.1748	
97.1448	
97.4503	
97.2384	
97.0386	
96.8977	
96.7253	
96.7494	
96.4200	
96.2319	
95.9535	
95.8329	
94.5338	
94.9072	
94.6801	
94.7277	
94.1367	
93.6230	
93.3662	
93.1303	
93.1466	
92.6273	
93.0870	
92.5765	
92.4791	
92.0921	
91.6852	
91.7904	
91.4798	
91.5030	
91.2494	
91.5722	
90.7998	
90.8839	
90.7274	
90.1864	
90.0234	
89.9016	
89.6968	
89.6070	
89.3478	
89.3565	
89.2895	
89.0180	
88.7472	
88.2030	
87.4587	
87.2890	
86.5041	
86.1206	
85.9849	
85.6953	
84.9222	
84.8602	
84.8294	
84.4182	
84.2164	
83.8361	
82.8086	
82.2916	
81.2257	
80.6871	
79.7247	
79.1374	
78.7883	
78.7424	
78.6241	
78.8953	
78.7210	
78.7423	
78.6385	
79.0248	
78.6043	
78.4256	
78.1330	
77.8567	
78.0867	
77.9431	
77.8355	
77.3673	
77.5580	
79.0568	
80.7102	
82.5559	
84.4593	
86.4483	
87.3474	
88.8239	
90.1837	
90.5210	
91.4531	
91.8177	
92.2205	
92.0567	
92.3223	
92.5711	
93.0326	
92.6719	
92.9305	
92.9956	
92.6301	
92.8434	
92.6016	
92.2880	
92.4002	
92.4573	
91.9273	
92.0822	
92.0258	
91.5163	
91.9677	
91.4890	
91.2915	
90.6224	
90.3907	
90.7091	
90.4575	
90.1755	
90.0834	
89.8620	
89.4735	
89.4893	
89.3577	
89.0829	
89.5390	
89.3664	
89.1572	
89.3070	
89.2099	
88.8589	
88.3788	
88.8058	
88.3578	
88.1612	
87.8827	
87.8109	
87.7167	
87.5002	
87.4498	
87.5801	
87.4306	
87.0603	
87.0398	
87.2505	
86.5577	
86.5550	
86.4385	
86.1574	
86.2950	
86.1658	
85.7723	
85.8106	
85.8133	
85.5216	
85.2240	
85.6538	
84.7927	
84.5916	
84.4129	
84.4234	
83.6540	
83.5507	
83.5546	
88.8556	
87.3303	
85.7374	
85.2748	
84.2595	
84.1687	
83.6495	
83.5122	
83.4533	
83.9075	
82.7193	
82.8235	
82.9887	
82.4221	
82.3025	
82.2228	
82.3219	
81.8129	
81.5960	
82.0054	
81.1351	
81.8006	
81.4430	
81.0098	
81.5921	
80.8045	
81.2112	
81.3025	
80.9171	
80.1252	
80.3792	
79.7701	
79.8850	
78.9104	
78.8317	
78.4427	
78.3369	
79.1164	
78.5800	
78.3886	
78.8319	
78.9717	
78.3675	
79.0583	
78.3933	
77.9172	
78.5216	
78.4459	
78.0322	
78.7842	
79.2813	
79.6589	
81.1433	
82.5238	
84.0669	
85.5928	
88.0966	
89.8775	
90.8624	
94.0743	
95.6872	
98.0026	
99.8559	
101.4005	
102.3708	
103.3960	
104.2198	
104.5794	
105.5176	
106.1897	
106.3342	
106.4859	
106.8177	
106.9876	
106.9715	
106.3830	
106.3983	
106.0082	
106.0097	
105.5949	
105.0359	
105.2177	
104.6030	
104.3200	
103.8171	
103.5875	
103.0886	
102.1185	
101.6508	
101.4068	
100.9815	
100.1059	
99.9093	
99.1427	
98.6992	
98.4059	
97.8597	
97.9174	
97.7772	
96.9751	
96.9859	
96.4762	
96.5486	
96.5197	
96.3972	
97.4575	
97.7278	
97.4478	
96.6788	
95.5737	
94.7415	
94.0744	
93.2906	
92.5338	
91.9665	
90.9789	
89.9282	
89.8031	
88.5272	
88.2706	
87.4823	
86.3120	
85.5149	
84.9382	
84.4773	
83.8813	
83.4736	
82.7725	
82.4044	
81.9733	
81.4420	
80.9064	
80.6104	
80.2598	
79.3182	
79.1489	
78.9743	
78.5581	
78.0050	
76.9994	
76.9580	
76.2249	
75.7286	
75.0838	
74.3511	
73.6912	
73.6270	
72.9969	
72.1935	
71.6098	
71.2505	
70.6335	
69.6086	
69.2778	
68.8393	
68.0801	
67.8457	
67.0321	
66.3217	
65.4733	
63.6594	
60.6009	
56.2208	
50.8396	
45.9251	
40.4853	
35.6719	
30.6100	
25.9328	
21.2922	
17.2292	
13.3695	
10.2516	
7.8579	
6.3542	
5.5089	
5.0963	
4.9429	
4.7675	
4.5349	
4.5173	
4.4225	
4.3904	
4.3125	
4.1522	
4.0616	
4.0971	
4.0195	
3.9126	
3.9016	
3.7989	
3.7102	
3.6639	
3.6193	
3.4987	
3.5032	
3.4681	
3.3492	
3.3149	
3.3328	
3.2717	
3.1454	
3.1625	
3.0957	
3.0384	
2.9607	
2.9463	
2.9242	
2.9244	
2.8282	
2.7960	
2.8077	
2.7635	
2.7129	
2.6769	
2.6612	
2.5991	
2.5880	
2.5297	
2.6071	
2.5669	
2.5230	
2.5040	
2.5157	
2.4650	
2.4320	
2.3674	
2.3987	
2.3773	
2.3523	
2.3639	
2.3789	
2.3320	
2.2995	
2.3090	
2.3041	
2.2329	
2.2254	
2.2354	
2.2174	
2.1612	
2.2221	
2.1808	
2.1464	
2.1282	
2.1247	
2.0954	
2.1501	
2.0653	
2.0766	
2.0503	
2.1463	
2.1003	
2.0787	
2.0674	
1.9840	
2.0507	
2.0398	
2.0368	
1.9949	
1.9897	
1.9662	
2.0071	
2.0256	
1.9793	
1.9131	
1.9581	
1.9059	
1.9924	
1.9585	
1.9100	
1.9091	
1.8611	
1.9278	
1.9036	
1.8710	
1.8737	
1.9039	
1.9080	
1.8976	
1.8503	
1.8551	
1.8556	
1.8513	
1.8207	
1.8056	
1.8473	
1.8296	
1.8102	
1.8635	
1.8022	
1.7930	
1.8155	
1.7629	
1.7985	
1.8127	
1.8211	
1.7736	
1.7758	
1.7816	
1.7975	
1.8186	
1.7721	
1.7901	
1.7573	
1.7412	
1.8448	
