1.5113	
1.4534	
1.4434	
1.4622	
1.4587	
1.4944	
1.5009	
1.4776	
1.5071	
1.5090	
1.4948	
1.5183	
1.5168	
1.5171	
1.5329	
1.5471	
1.4813	
1.5384	
1.5316	
1.5000	
1.4907	
1.4962	
1.5140	
1.5377	
1.5217	
1.5103	
1.5066	
1.4829	
1.5166	
1.4727	
1.5447	
1.5368	
1.4791	
1.4882	
1.5252	
1.5077	
1.5141	
1.5104	
1.5229	
1.5229	
1.5491	
1.5069	
1.5242	
1.5176	
1.4739	
1.4956	
1.5422	
1.5027	
1.5209	
1.5112	
1.5288	
1.5013	
1.4885	
1.4928	
1.4919	
1.5257	
1.5079	
1.4868	
1.5266	
1.4899	
1.5256	
1.5137	
1.5082	
1.4793	
1.4893	
1.4835	
1.5358	
1.5188	
1.4910	
1.5528	
1.4861	
1.5301	
1.4836	
1.5486	
1.5375	
1.5285	
1.4992	
1.5043	
1.5250	
1.5412	
1.5278	
1.4870	
1.5178	
1.4957	
1.4956	
1.5081	
1.5669	
1.5263	
1.5032	
1.5152	
1.5325	
1.5289	
1.5317	
1.5405	
1.5204	
1.5434	
1.5803	
1.5787	
1.5591	
1.5309	
1.5862	
1.5836	
1.6437	
1.6114	
1.6218	
1.6540	
1.6801	
1.6366	
1.7187	
1.7184	
1.7688	
1.7624	
1.8137	
1.7968	
1.8946	
1.8814	
1.9844	
1.9494	
2.0604	
2.0931	
2.1651	
2.1977	
2.2903	
2.4104	
2.4562	
2.6304	
2.7317	
2.8564	
3.0062	
3.1670	
3.3784	
3.4930	
3.8621	
4.1255	
4.4308	
4.8898	
5.6104	
7.2494	
14.2634	
27.0270	
40.9275	
54.7397	
69.0007	
83.0881	
96.3293	
109.9805	
123.6670	
137.2809	
150.8229	
163.8756	
177.6155	
189.8796	
203.3045	
216.4504	
230.5441	
243.2589	
256.0266	
266.7886	
268.5053	
269.7139	
269.2720	
269.3141	
268.2467	
268.4395	
268.2701	
267.6500	
268.1604	
268.3626	
268.6190	
267.8368	
267.2591	
267.1319	
266.9940	
266.7961	
265.7857	
266.2271	
265.8051	
265.5764	
265.2028	
265.0367	
264.5511	
264.7641	
265.0739	
265.6585	
265.1515	
264.7017	
264.3416	
264.0832	
264.0796	
263.8732	
264.4040	
263.0644	
263.1629	
263.0109	
262.9097	
262.5380	
263.2834	
263.6407	
263.1502	
261.6350	
262.3269	
262.0890	
261.8897	
262.1244	
262.4855	
262.2524	
263.1694	
262.1870	
261.4549	
262.9688	
262.2684	
263.0490	
262.9877	
264.3578	
265.2713	
266.9305	
267.0991	
267.3568	
267.0387	
266.9809	
267.0354	
267.5718	
265.8405	
266.3006	
266.6082	
265.7426	
265.7450	
265.2558	
267.0331	
265.8689	
266.2833	
266.3766	
266.0192	
267.0157	
266.6988	
266.2289	
266.4202	
266.3617	
266.5445	
265.7729	
265.2327	
265.9210	
265.3753	
265.9922	
265.7916	
266.9347	
266.8452	
266.9631	
267.9592	
267.8416	
268.6333	
270.3549	
270.0507	
270.0173	
270.4962	
270.8542	
270.4369	
269.3995	
270.4229	
269.8963	
270.3204	
270.3576	
270.1567	
270.6691	
271.5832	
271.8772	
271.1835	
272.0151	
271.6086	
272.3458	
271.7780	
272.2834	
271.4173	
272.3846	
272.4151	
272.5902	
272.0937	
272.8659	
273.3204	
273.1498	
272.8663	
272.6017	
273.1215	
273.4763	
272.7561	
272.8320	
273.0485	
272.6861	
272.8637	
274.3547	
273.2558	
273.3820	
274.7297	
274.1737	
274.5012	
274.8733	
274.9254	
274.6665	
275.0078	
275.5646	
275.6474	
276.1459	
276.2699	
277.1814	
275.9539	
276.0646	
276.7354	
276.4677	
277.8173	
278.3397	
280.2470	
282.4114	
282.9117	
283.6822	
284.9841	
284.1614	
285.0219	
285.4799	
284.8912	
286.0746	
285.9014	
286.5316	
286.2563	
287.1580	
287.2637	
286.4693	
287.4871	
288.3626	
288.8804	
290.9344	
292.0547	
292.2812	
293.5447	
292.6617	
293.2462	
293.4865	
294.2625	
294.1378	
293.5916	
294.5227	
294.5414	
329.9897	
322.5172	
304.0630	
305.5309	
304.9645	
304.6210	
304.1521	
304.4924	
304.6153	
304.4329	
305.5501	
306.0162	
307.4570	
309.5093	
310.5998	
311.1237	
311.2230	
311.4771	
313.0706	
313.4156	
314.3433	
314.4294	
314.2960	
315.0591	
314.1203	
315.7238	
315.6719	
315.4001	
316.8062	
316.1817	
316.4163	
316.0771	
316.8531	
316.9187	
316.9325	
317.1198	
317.7521	
318.6048	
319.0736	
318.8710	
319.3085	
318.6592	
318.8411	
319.0516	
319.2876	
319.8724	
319.5657	
320.6346	
320.0610	
320.5064	
321.2372	
321.4145	
321.8724	
321.0828	
322.2306	
321.7146	
323.0259	
322.2362	
321.8162	
323.1305	
322.4807	
323.3745	
323.8864	
325.0873	
324.1640	
324.0031	
324.9542	
325.0473	
324.4835	
325.2014	
325.4248	
324.7404	
324.9516	
324.8241	
325.2234	
324.7277	
325.4795	
325.9592	
325.2838	
326.5528	
327.4809	
327.8449	
327.3483	
327.3669	
326.4043	
326.5689	
326.3324	
326.0206	
325.5353	
325.4289	
325.2146	
324.6278	
325.1563	
325.6253	
325.6000	
325.8987	
325.5672	
324.8828	
325.7248	
324.9393	
324.7793	
325.2378	
325.4973	
326.1685	
325.8235	
326.7479	
325.7608	
326.1666	
325.1661	
324.5477	
324.8244	
324.3268	
324.7284	
324.8597	
324.9931	
325.5396	
325.7065	
326.2455	
324.8754	
323.9831	
325.0043	
324.0949	
323.9185	
323.0579	
323.1435	
322.2306	
323.0279	
323.5778	
324.2174	
324.4546	
325.0833	
325.5070	
325.2765	
325.6252	
325.3447	
325.4702	
325.7120	
325.4048	
325.3505	
325.8773	
325.2390	
325.2350	
325.2503	
325.0467	
325.3578	
325.7560	
324.1797	
324.3995	
324.1385	
323.6715	
322.5998	
323.7046	
322.0707	
321.3866	
321.5222	
321.4052	
321.3142	
320.2368	
319.9449	
319.9771	
319.8612	
318.5825	
318.8679	
317.7607	
316.8544	
318.3383	
317.7757	
318.4676	
319.1369	
319.5566	
321.6267	
323.8440	
328.4730	
330.5742	
332.6779	
332.0763	
333.4565	
334.3821	
333.8745	
334.5475	
335.0272	
335.2198	
334.0216	
334.1236	
334.4108	
333.3548	
333.9787	
333.3455	
332.9485	
332.6584	
331.8650	
331.8158	
331.1654	
331.5277	
331.8082	
330.6624	
330.0517	
329.3015	
328.0486	
327.8838	
327.1108	
327.7456	
327.4041	
327.2112	
326.0311	
325.4763	
324.6340	
324.2795	
323.7147	
323.9987	
323.1974	
323.8941	
323.2630	
322.5899	
322.7649	
321.5536	
321.1285	
321.0942	
320.1776	
319.6304	
318.7773	
318.0357	
317.5574	
316.5102	
316.4431	
315.9225	
315.2542	
314.9409	
314.0471	
313.7516	
314.2668	
312.9868	
313.1217	
312.9701	
312.5539	
312.3051	
311.6254	
310.2103	
310.5634	
309.4565	
309.1499	
308.5249	
308.3932	
308.1614	
308.1200	
307.5455	
307.3798	
307.0226	
306.0352	
305.7416	
304.9028	
304.0468	
304.3599	
303.4908	
303.2053	
302.9239	
302.5340	
300.9861	
301.6164	
300.2089	
299.5800	
298.9931	
299.0784	
298.7573	
298.4053	
296.9006	
296.6638	
296.4784	
295.7180	
295.6126	
294.5952	
293.9109	
293.0154	
291.8787	
292.6583	
291.7513	
291.3420	
291.0304	
290.6485	
290.2966	
289.9825	
289.6421	
288.9662	
288.0572	
287.6240	
287.5015	
286.8239	
286.9274	
286.0577	
286.0855	
286.2840	
285.6532	
284.4910	
283.7730	
284.3046	
282.3973	
281.7581	
280.6031	
280.4438	
280.2798	
280.1427	
279.0316	
279.5376	
278.3604	
278.5263	
278.2477	
276.8233	
275.6492	
275.9091	
275.7821	
274.2887	
273.5950	
274.1584	
272.8049	
272.0734	
272.0181	
270.9438	
269.6562	
270.0410	
269.7748	
269.7530	
269.3706	
268.5226	
268.6569	
267.3946	
266.1097	
266.2388	
265.6156	
264.8797	
264.7042	
263.9601	
264.8731	
267.2008	
268.9813	
269.8042	
270.9509	
271.1668	
271.9443	
271.9992	
271.3990	
272.2442	
271.4109	
270.7631	
271.0774	
270.2103	
269.9868	
269.1005	
269.4861	
268.6236	
268.2272	
267.7687	
267.0203	
266.9532	
265.8486	
265.1353	
264.2632	
264.6292	
264.1021	
264.2105	
263.3034	
262.5023	
262.5804	
262.0689	
261.1765	
260.7861	
260.5106	
259.7827	
260.6215	
260.0195	
258.9144	
258.8895	
258.6892	
257.6811	
257.0863	
257.5829	
256.9532	
255.6627	
255.1295	
255.9715	
254.9303	
254.5741	
254.5499	
253.8520	
253.3448	
253.3803	
252.7504	
252.4048	
251.8157	
251.7434	
250.7823	
250.5102	
250.9605	
249.8189	
250.0653	
249.3498	
248.8465	
248.2162	
248.2165	
247.4347	
246.5335	
267.9049	
258.0757	
241.6049	
239.8638	
238.6028	
237.7233	
237.2143	
236.0326	
235.4337	
234.2191	
233.7666	
233.7605	
232.8618	
232.0245	
231.8559	
232.2132	
231.3074	
230.5907	
230.1630	
229.0278	
228.3854	
228.2557	
227.6969	
226.7106	
226.3168	
226.2632	
225.7865	
226.1845	
225.0395	
224.4139	
223.8454	
223.6892	
222.6483	
222.8653	
222.8573	
222.5686	
221.8578	
221.7708	
221.2313	
220.9091	
220.5839	
220.5093	
219.5876	
219.3080	
218.7749	
218.5083	
218.7139	
217.7074	
216.8946	
216.1099	
214.9596	
214.5809	
213.9052	
213.5336	
213.1208	
212.6149	
212.3569	
212.6119	
212.4345	
212.4794	
212.2352	
212.1781	
212.1315	
212.4668	
212.3693	
211.1878	
210.6654	
210.7656	
210.1844	
210.2298	
209.7459	
208.7429	
208.1570	
208.8119	
208.0383	
207.9913	
207.6059	
207.0173	
207.2058	
206.2749	
205.7530	
205.1933	
204.3254	
204.8660	
203.5343	
202.8128	
202.2431	
202.0724	
201.7285	
200.7548	
201.1437	
200.3528	
200.1025	
200.3548	
200.1522	
199.7600	
198.7952	
199.2859	
199.2202	
198.6240	
198.3105	
198.1113	
198.1002	
196.9638	
197.3539	
196.9772	
196.4449	
195.6400	
196.0951	
194.9911	
194.8313	
194.6579	
194.0173	
193.9742	
193.3006	
193.1560	
193.4312	
192.4807	
192.1763	
192.2463	
191.9746	
191.7132	
191.3453	
190.3312	
190.4531	
190.0786	
189.7227	
188.6078	
188.2056	
187.9422	
187.4907	
187.4348	
186.7948	
186.3745	
185.6440	
185.2251	
184.9056	
184.3103	
184.1178	
184.2128	
183.1023	
183.5353	
182.7447	
181.5971	
181.2853	
181.0030	
179.9282	
180.4152	
179.9252	
179.7163	
179.1253	
179.8206	
180.1673	
180.0280	
180.3888	
179.9836	
179.5709	
179.5060	
179.5083	
178.7834	
178.2843	
178.5872	
177.4855	
177.1322	
176.6669	
176.2687	
176.3099	
175.4559	
175.2292	
175.0230	
174.3975	
173.2529	
172.7977	
172.4049	
172.6666	
171.6771	
171.3742	
171.0610	
170.6044	
170.4020	
170.2278	
170.6395	
170.4999	
170.1629	
170.1830	
169.9837	
169.2548	
168.7334	
169.9116	
169.8454	
169.5749	
168.9946	
168.7367	
167.7310	
168.2012	
167.4215	
167.1962	
166.9961	
166.5897	
166.2347	
165.8440	
165.8257	
165.9164	
165.3935	
165.1047	
164.9626	
163.7926	
163.9607	
163.3484	
162.5970	
162.0681	
161.8031	
161.3338	
161.1605	
161.1210	
160.4219	
160.8954	
160.8615	
160.0068	
160.0392	
159.9834	
158.6775	
159.0272	
158.4748	
158.2948	
157.4963	
157.7491	
157.6293	
157.4102	
156.3588	
157.0225	
156.4942	
156.2100	
156.0770	
155.1781	
155.4472	
155.0411	
154.2192	
154.4743	
154.1745	
153.7557	
153.3964	
153.0336	
152.6396	
152.7133	
151.8659	
152.2085	
151.5294	
151.2504	
150.6152	
150.5887	
149.9271	
149.4956	
149.5297	
149.2222	
148.5732	
148.1418	
147.6492	
147.8044	
147.7877	
147.7803	
147.2446	
147.3471	
146.0388	
145.8506	
146.3591	
145.4887	
145.5323	
145.0184	
145.3862	
144.1359	
143.2661	
143.5026	
142.9593	
142.2562	
141.9882	
141.6464	
140.6503	
140.4618	
139.8247	
139.4037	
139.1482	
138.4335	
138.7589	
138.9315	
138.3245	
138.1019	
138.0324	
137.4798	
137.3969	
136.8589	
135.7915	
135.9658	
135.3068	
135.2355	
134.4976	
134.2597	
133.5260	
133.0037	
132.7533	
132.8787	
132.3847	
132.2966	
132.1690	
131.9503	
131.7458	
131.8777	
131.4063	
131.6498	
131.3557	
130.8398	
130.2312	
130.6147	
129.4237	
129.7292	
128.5765	
128.1948	
127.8122	
127.0649	
126.2842	
126.2179	
125.8012	
125.2676	
124.3074	
123.2167	
123.5387	
122.4081	
122.1857	
122.3282	
121.7685	
121.1847	
121.0306	
120.2241	
119.6749	
118.9567	
118.7522	
117.8353	
117.7304	
116.6873	
116.4472	
115.3689	
115.0363	
114.4828	
113.9854	
114.1005	
113.2261	
112.3402	
111.8653	
111.1457	
110.5266	
110.4154	
110.8331	
112.2186	
114.2033	
117.3778	
120.6717	
123.5662	
126.3490	
128.0317	
129.4392	
130.7104	
130.9191	
132.6586	
132.5926	
132.6334	
133.4084	
133.8323	
133.6919	
134.4304	
134.1554	
134.1107	
133.7439	
134.1060	
134.1871	
133.7003	
133.6141	
132.9106	
132.6655	
132.2480	
132.1294	
131.3165	
131.0501	
130.9998	
130.8577	
131.1071	
130.5187	
130.1345	
129.8672	
129.4499	
129.3462	
129.3902	
128.4825	
129.1462	
128.7733	
128.7697	
128.3505	
128.4392	
128.1489	
127.7144	
128.0430	
127.3972	
127.4315	
127.3507	
126.7442	
127.2557	
126.6394	
126.2068	
126.1987	
125.9297	
125.3160	
125.3641	
124.7575	
124.7771	
124.4860	
124.1047	
124.7933	
123.9786	
123.8522	
123.6625	
123.5518	
123.1286	
123.1298	
123.9841	
122.9762	
122.9088	
122.2535	
122.1605	
121.4185	
121.2697	
121.4362	
120.9048	
120.5859	
120.8389	
120.1715	
124.2922	
122.3005	
121.2716	
120.9836	
120.3086	
120.0134	
119.7217	
119.3369	
118.8970	
118.6254	
118.6230	
118.8295	
118.1135	
117.8409	
117.8769	
118.2423	
117.8777	
117.7440	
117.9834	
117.4160	
117.4605	
117.6747	
117.6742	
117.2286	
117.6197	
117.0745	
117.4852	
116.6822	
116.6484	
116.8697	
116.5125	
116.6088	
116.5461	
115.7118	
115.8683	
115.9392	
115.5101	
115.6691	
114.7131	
114.3373	
114.4021	
114.2927	
114.2122	
113.7374	
113.4897	
113.9434	
114.0276	
114.2680	
114.6211	
114.8115	
115.4838	
116.4813	
116.9901	
117.3287	
118.3292	
119.2097	
120.4311	
120.8071	
121.9472	
122.9609	
123.5443	
124.1338	
124.6104	
125.2449	
125.5015	
125.7054	
125.8728	
125.9748	
126.3076	
125.8759	
125.8502	
126.5779	
126.2391	
126.7911	
126.6868	
126.5631	
126.1885	
126.1370	
125.9033	
125.4662	
125.2371	
125.4419	
125.0931	
124.7095	
124.7117	
124.0870	
123.9215	
123.4813	
122.8557	
122.4346	
122.2375	
121.4448	
121.4136	
121.0188	
120.3843	
120.2846	
120.0248	
120.1009	
119.9710	
120.7789	
120.6177	
121.0494	
120.4879	
120.1919	
120.1390	
119.1262	
118.0197	
116.8656	
115.8493	
114.5444	
113.4978	
112.4559	
111.3585	
110.5343	
108.8776	
107.5012	
105.9820	
104.5936	
102.9386	
101.7297	
100.3258	
98.5350	
97.3692	
95.6769	
94.4364	
92.6639	
91.1833	
89.6193	
87.4686	
86.3163	
84.8099	
83.8328	
81.9082	
80.7479	
79.2309	
78.0858	
76.5155	
74.8845	
73.4492	
71.6959	
70.7462	
69.3762	
67.7147	
66.5641	
65.0583	
62.8486	
61.0349	
58.8098	
56.7931	
54.9643	
53.0764	
50.6635	
48.9482	
46.8462	
44.7158	
42.5571	
40.1388	
38.3707	
36.0589	
34.2010	
31.7519	
29.5603	
27.0135	
25.1585	
22.6544	
20.5493	
18.1464	
16.3103	
14.0982	
12.2795	
10.4439	
8.7235	
7.2505	
6.0183	
4.5990	
3.7367	
3.5880	
3.5417	
3.4880	
3.3861	
3.3999	
3.2971	
3.2951	
3.1535	
3.1494	
3.0523	
3.0199	
3.0031	
2.9266	
2.8557	
2.8396	
2.7860	
2.7077	
2.7180	
2.6377	
2.6375	
2.5263	
2.5154	
2.4458	
2.4957	
2.4630	
2.3901	
2.3893	
2.3387	
2.3271	
2.3032	
2.2351	
2.1949	
2.1926	
2.1855	
2.1634	
2.1072	
2.1163	
2.0765	
2.0400	
2.1218	
2.0270	
1.9682	
2.0046	
1.9672	
1.9823	
1.9713	
1.9342	
1.9063	
1.9388	
1.8473	
1.8824	
1.8921	
1.8633	
1.8549	
1.8572	
1.8271	
1.8235	
1.7786	
1.7394	
1.7892	
1.7697	
1.7606	
1.7410	
1.7261	
1.7307	
1.7230	
1.7112	
1.6655	
1.6947	
1.6743	
1.6927	
1.6503	
1.6668	
1.6466	
1.6397	
1.6557	
1.6161	
1.6489	
1.6356	
1.6314	
1.6133	
1.6350	
1.5989	
1.6028	
1.5486	
1.5848	
1.5838	
1.6102	
1.5869	
1.5635	
1.5590	
1.5486	
1.5391	
1.5351	
1.5551	
1.5120	
1.5562	
1.5136	
1.5489	
1.5532	
1.5021	
1.5079	
1.5214	
1.5138	
1.4936	
1.5561	
1.4982	
1.4748	
1.4860	
1.4463	
1.4804	
1.5190	
1.4524	
1.4751	
1.4645	
1.4961	
1.4916	
1.5034	
1.4594	
1.4992	
1.4538	
1.4617	
1.4606	
1.4803	
1.4510	
1.4630	
1.4401	
1.4306	
1.4646	
1.4544	
1.5132	
