1.4065	
1.4065	
1.4207	
1.4062	
1.4098	
1.3957	
1.3890	
1.4335	
1.4033	
1.4310	
1.4166	
1.4496	
1.4577	
1.4739	
1.4622	
1.4417	
1.4164	
1.4341	
1.4258	
1.4275	
1.4432	
1.3815	
1.4239	
1.4142	
1.4312	
1.4279	
1.4225	
1.4106	
1.4439	
1.4254	
1.4201	
1.4338	
1.4071	
1.4079	
1.4422	
1.4491	
1.4233	
1.4110	
1.4630	
1.3992	
1.4286	
1.4462	
1.4301	
1.4180	
1.4421	
1.4400	
1.4467	
1.4005	
1.4258	
1.4180	
1.4374	
1.3976	
1.4357	
1.4271	
1.3933	
1.4150	
1.4340	
1.4704	
1.4394	
1.4324	
1.4365	
1.4036	
1.4125	
1.4080	
1.3972	
1.4153	
1.4428	
1.4318	
1.4499	
1.4206	
1.4079	
1.4250	
1.4068	
1.4271	
1.4109	
1.4209	
1.4276	
1.4110	
1.4237	
1.4469	
1.4411	
1.4403	
1.4671	
1.4402	
1.4339	
1.4488	
1.4242	
1.4540	
1.3998	
1.4202	
1.4424	
1.4120	
1.4815	
1.4556	
1.4281	
1.4705	
1.4581	
1.4593	
1.5000	
1.4637	
1.5081	
1.4699	
1.4410	
1.4684	
1.5626	
1.5035	
1.5485	
1.5436	
1.5468	
1.6202	
1.6101	
1.6170	
1.6795	
1.6897	
1.7245	
1.7782	
1.8334	
1.8163	
1.8437	
1.8393	
1.9385	
2.0329	
2.0494	
2.1313	
2.2049	
2.3117	
2.3861	
2.5459	
2.6774	
2.7858	
3.0021	
3.0956	
3.3667	
3.5928	
3.9709	
4.3989	
5.0831	
8.2758	
17.1175	
28.1064	
39.5822	
50.9817	
62.9485	
74.6300	
86.3306	
98.1157	
109.2593	
120.6193	
131.5911	
142.8063	
153.9480	
164.4953	
175.8956	
186.6661	
197.5895	
208.4636	
218.7664	
223.5790	
224.8227	
224.4789	
224.6798	
224.3108	
224.4473	
223.5646	
222.8385	
224.0856	
223.5126	
223.0935	
223.6177	
222.8918	
223.0004	
222.8914	
222.1594	
221.8449	
221.6281	
220.6833	
220.5855	
220.6273	
220.6830	
221.2372	
220.5146	
219.8040	
219.9172	
220.1354	
219.3001	
219.3064	
218.5418	
218.8120	
218.8442	
218.4506	
218.9100	
218.2418	
217.6253	
217.7025	
217.2326	
217.7015	
217.1605	
217.4983	
216.9510	
216.8595	
216.7173	
216.4424	
216.6790	
216.8648	
216.4781	
216.7521	
216.0604	
215.8542	
215.9431	
215.7679	
216.3988	
216.2438	
216.9187	
217.3882	
218.5483	
220.0412	
219.1711	
219.2675	
219.9574	
219.7620	
220.0303	
219.1109	
219.4119	
219.6776	
219.5571	
218.4414	
218.5812	
219.0029	
219.2595	
218.9113	
218.5419	
218.7377	
218.3217	
218.3175	
218.6101	
218.0019	
218.2841	
217.4797	
217.8141	
217.8772	
217.7358	
218.3974	
218.2893	
218.2650	
217.9234	
217.8946	
218.3945	
218.3419	
218.6348	
218.9792	
220.0260	
220.4399	
220.4616	
220.8294	
221.0494	
220.2097	
220.3036	
220.2350	
220.2712	
220.3733	
219.9985	
220.5278	
220.4375	
220.1482	
221.0939	
220.4932	
221.5210	
220.9515	
221.2188	
221.1216	
221.1122	
221.0233	
220.7332	
220.8855	
221.1215	
220.9138	
220.8964	
220.9574	
221.1612	
221.0808	
220.8334	
221.3878	
220.3992	
220.8811	
220.4135	
220.9028	
220.5823	
221.3543	
220.7825	
221.2416	
221.7063	
221.8873	
221.8329	
221.9028	
222.0527	
221.4727	
221.8930	
221.7508	
221.9877	
222.7420	
222.1830	
222.2520	
222.6761	
222.1033	
221.7640	
222.3690	
222.4579	
222.6934	
223.0297	
223.6768	
225.4044	
226.8887	
228.1396	
227.8557	
228.8421	
229.2989	
229.0322	
229.3977	
230.1168	
229.9077	
229.8571	
230.4685	
230.8537	
230.2505	
229.9593	
230.8316	
230.5030	
231.5629	
232.3327	
233.3088	
234.0420	
234.6804	
234.7528	
235.0717	
235.5355	
236.0216	
235.6464	
235.8003	
235.7101	
235.6490	
236.4607	
263.7576	
253.1254	
241.5766	
240.8057	
240.2865	
240.0722	
239.8331	
240.1631	
239.4573	
240.1111	
240.8135	
240.8070	
242.1745	
243.0926	
244.7142	
245.0176	
245.1815	
246.2837	
246.4490	
246.8727	
248.0376	
247.7340	
247.3237	
247.6323	
247.6550	
247.9987	
247.3373	
248.0163	
248.1352	
248.3815	
248.4299	
248.5003	
248.2168	
248.7632	
249.2878	
248.0892	
249.2256	
249.8902	
249.5166	
249.7615	
249.8834	
249.5120	
250.8043	
250.4811	
249.4958	
249.9438	
249.8760	
250.6421	
250.7983	
250.3618	
251.4702	
250.7842	
250.9529	
250.7794	
251.3962	
251.4108	
252.0422	
251.2952	
251.8148	
252.0081	
251.8403	
252.5504	
252.6949	
253.1577	
253.2478	
253.5761	
253.4809	
253.8856	
253.5796	
254.3221	
253.1402	
253.3840	
252.7827	
253.1403	
252.8793	
253.5551	
252.8938	
253.2190	
254.0088	
253.7819	
253.8044	
253.9136	
254.5313	
254.4714	
253.7853	
253.7747	
253.4173	
252.9710	
252.5198	
252.2545	
252.8588	
253.0739	
252.7865	
252.8532	
252.8901	
253.2208	
252.6028	
253.3607	
253.0292	
251.9480	
252.9585	
252.6967	
252.6535	
252.9458	
252.8172	
252.7149	
253.3259	
252.2758	
252.1621	
252.0411	
252.0320	
251.6676	
251.7175	
251.5459	
251.4428	
251.6564	
252.1451	
252.0291	
252.0566	
251.6887	
251.2446	
250.6620	
249.2700	
249.9857	
249.7169	
249.0735	
249.0553	
250.4668	
250.7919	
251.4159	
251.3529	
251.7695	
251.9030	
251.5276	
252.2958	
252.0145	
251.3478	
251.1252	
251.9189	
251.2610	
251.5853	
251.2555	
250.3861	
251.3716	
250.8788	
250.5383	
251.0408	
249.8889	
250.2992	
250.6656	
249.0944	
249.2844	
248.9963	
248.8091	
248.9879	
248.1466	
248.5862	
247.3439	
247.1216	
246.1697	
246.5221	
245.7582	
245.6470	
244.7800	
244.9114	
245.1955	
244.9117	
245.1403	
245.7997	
246.7750	
247.8720	
250.4364	
252.6723	
255.0465	
256.4335	
256.5965	
257.1660	
257.9338	
258.0709	
258.0669	
259.0027	
258.5523	
258.2493	
258.6134	
258.0962	
257.4908	
257.4404	
256.9362	
256.8021	
256.3919	
255.7645	
256.9115	
255.6818	
255.5376	
255.0595	
254.6464	
254.2847	
253.6228	
252.8973	
253.3317	
252.4576	
252.3448	
251.2711	
251.4409	
251.4245	
250.4960	
250.7160	
249.9173	
248.8562	
249.3736	
249.6046	
249.1845	
248.5044	
248.1692	
247.4559	
248.1275	
246.8089	
246.6032	
245.8915	
245.3622	
245.0433	
244.4246	
243.7804	
243.3185	
242.8134	
242.6788	
242.1697	
241.5582	
241.5214	
241.2328	
240.9530	
240.2871	
240.1917	
239.3649	
239.9533	
239.3721	
238.6296	
237.8763	
237.4017	
237.0429	
236.4421	
235.4463	
235.4849	
235.5075	
235.5688	
236.1570	
234.8949	
234.6388	
234.1000	
233.8352	
232.4638	
232.0986	
231.5864	
231.7868	
231.6856	
231.1705	
230.7892	
230.2587	
229.7110	
229.3404	
228.8690	
228.4979	
228.4017	
227.7423	
228.1616	
227.4250	
226.9539	
226.3052	
226.0629	
225.7421	
225.2914	
224.3718	
224.4010	
223.4116	
222.5876	
222.9504	
221.9334	
222.4154	
220.8812	
220.8026	
220.2279	
220.4039	
220.3566	
219.5978	
219.1651	
219.6131	
218.9598	
218.2920	
218.3111	
217.7926	
218.2367	
217.2620	
216.8913	
216.9807	
215.3390	
214.9282	
214.4445	
214.0087	
213.5073	
213.4881	
212.8404	
212.6778	
212.7116	
211.9447	
211.2470	
210.9197	
210.0766	
210.2714	
209.5880	
208.5291	
208.6493	
207.9796	
207.7684	
206.9526	
206.9558	
206.6036	
205.9684	
205.0179	
204.7927	
204.7125	
204.3031	
204.0905	
203.7747	
202.8317	
202.5690	
202.3804	
201.1582	
200.5922	
200.4568	
199.9633	
199.7358	
199.6084	
201.4059	
202.9162	
204.4008	
205.7632	
206.0470	
207.1116	
206.4212	
205.9010	
205.6989	
206.3913	
205.2905	
205.1436	
204.7653	
204.5867	
204.7150	
203.9574	
203.1746	
203.3757	
203.2926	
202.0165	
201.9783	
201.3897	
200.7540	
201.0215	
200.6029	
200.1265	
199.3972	
199.7531	
198.9750	
199.0919	
198.7257	
198.0757	
197.9242	
197.6316	
198.1068	
196.9855	
196.3172	
195.8996	
195.8166	
195.0834	
194.8918	
194.4263	
193.8814	
193.8220	
193.2800	
193.4064	
192.4053	
193.4290	
192.5427	
191.9466	
192.1372	
191.4438	
191.4353	
191.0257	
190.0108	
190.1589	
189.3723	
189.5002	
189.5693	
189.2780	
188.8820	
189.0261	
188.2833	
188.0670	
187.1595	
187.0253	
186.5483	
185.8442	
201.5076	
192.3957	
179.9989	
178.2036	
176.9651	
176.2946	
175.2339	
174.3545	
174.3320	
173.4534	
172.9949	
172.9289	
172.6197	
171.9770	
172.0189	
171.5713	
171.2376	
170.9321	
169.6947	
169.3220	
169.3850	
168.8076	
168.3423	
168.0428	
168.4267	
166.7766	
166.7393	
165.9863	
165.9428	
165.4509	
164.9131	
165.1216	
164.4315	
164.5224	
164.7050	
164.1452	
163.7870	
163.4432	
163.9444	
163.1126	
163.2098	
162.4824	
162.4223	
162.2789	
162.2177	
161.5402	
161.0462	
160.7773	
160.1267	
159.4526	
158.3277	
158.2694	
157.4081	
157.4823	
158.0704	
157.6078	
157.3999	
156.9046	
156.7898	
156.6867	
156.6379	
156.6455	
156.1630	
156.6226	
155.7273	
155.6292	
155.3902	
154.9601	
154.7250	
154.3197	
154.9212	
154.2077	
154.1940	
154.0061	
152.7528	
152.9044	
152.4138	
152.6066	
152.5600	
151.5838	
151.5583	
150.9056	
150.0627	
149.8225	
149.6148	
149.1369	
148.8998	
148.7640	
148.0310	
148.8299	
147.7751	
147.5424	
147.3608	
147.0395	
146.7803	
146.8870	
146.7783	
146.9776	
145.9788	
146.2385	
145.9390	
145.6371	
144.9463	
144.5097	
144.4886	
144.3803	
144.1649	
143.8837	
143.4401	
143.5410	
142.4996	
143.0057	
142.9994	
142.3894	
142.0376	
141.9638	
141.7446	
141.2543	
141.1282	
141.0630	
140.5175	
140.3096	
140.2683	
139.7744	
139.6930	
139.2133	
138.8968	
138.4221	
138.0975	
137.6672	
137.3643	
137.2826	
137.0522	
136.8375	
136.3330	
136.2121	
135.5961	
135.0117	
134.7672	
134.8190	
134.3345	
133.7015	
133.7592	
133.0182	
133.1406	
132.3601	
131.9238	
131.3773	
130.8712	
131.4926	
131.4338	
131.4267	
131.2918	
131.4032	
131.4289	
131.4966	
131.2364	
130.6418	
130.2749	
130.4809	
129.8821	
129.7381	
129.0921	
128.2074	
128.8174	
128.3105	
128.6961	
127.8265	
127.4684	
127.5643	
127.1448	
126.7081	
125.8176	
125.7304	
125.0899	
124.9963	
124.1725	
124.3440	
124.0851	
123.8337	
123.8935	
123.9191	
123.4693	
123.9548	
123.3881	
123.5645	
123.4236	
123.3575	
123.0271	
123.5239	
123.0500	
122.7977	
123.2602	
122.3291	
122.2943	
121.7275	
121.9240	
121.3670	
120.7572	
120.9527	
120.9838	
120.1503	
120.4206	
120.3289	
119.9441	
119.9774	
119.6591	
119.3227	
118.4698	
118.3313	
117.5334	
117.5342	
117.0239	
116.9980	
117.3215	
116.8718	
116.2730	
116.0670	
116.0780	
115.3848	
115.7679	
115.0649	
115.2559	
115.0697	
114.8399	
114.5355	
114.5230	
113.7692	
113.4699	
113.6497	
113.4311	
113.3101	
113.3503	
112.9511	
112.7870	
112.7501	
112.3740	
112.3347	
111.9228	
111.3566	
111.0775	
110.8609	
110.6186	
110.4342	
110.1326	
110.2176	
109.5614	
109.3500	
109.6480	
108.5833	
108.8692	
108.0849	
108.3070	
108.0095	
107.5172	
107.6441	
107.2048	
107.3783	
106.9322	
107.0119	
106.7948	
106.4880	
106.2293	
106.2353	
106.0099	
105.3878	
105.3940	
104.7591	
104.3765	
104.3275	
104.3012	
103.7536	
103.5384	
103.3670	
103.2377	
103.2412	
102.3786	
102.2036	
101.4965	
101.4296	
100.9737	
100.5920	
100.6564	
100.7187	
100.3314	
100.1754	
100.4309	
100.0215	
100.0080	
99.3817	
98.6596	
98.3810	
98.1125	
98.0330	
97.3492	
97.4093	
97.1522	
96.7658	
96.5142	
96.3428	
96.2861	
96.3706	
95.7991	
96.2716	
95.6681	
95.2416	
95.0104	
95.1276	
94.9463	
94.1296	
94.2107	
93.8284	
93.9991	
93.5801	
92.9627	
92.5974	
92.1744	
91.7965	
91.1138	
91.0694	
90.6710	
90.3447	
89.8690	
89.3853	
88.8760	
88.2604	
87.9841	
88.0600	
87.5623	
87.2276	
86.6971	
86.6150	
86.1647	
85.4647	
85.4577	
84.9723	
84.7256	
84.1547	
83.8550	
83.2842	
82.3879	
81.9901	
81.8648	
81.7597	
81.0457	
81.0189	
80.3213	
79.6123	
79.4525	
79.1500	
78.6955	
79.4728	
80.1045	
81.6787	
84.1917	
86.5047	
88.9828	
90.7476	
92.2591	
93.5911	
94.0778	
94.8427	
94.7343	
95.5916	
95.4223	
96.0175	
96.2434	
96.1197	
96.3544	
96.4677	
96.6934	
96.7457	
96.6393	
96.6539	
95.9466	
96.2428	
95.7392	
95.7984	
94.9724	
94.9074	
95.0850	
94.3749	
94.2479	
94.3377	
94.0902	
93.9986	
93.4979	
93.1973	
93.1779	
92.9976	
93.3037	
92.4713	
92.5791	
92.8471	
92.0222	
92.2257	
92.1402	
91.7436	
91.9731	
91.9003	
92.0357	
91.6968	
91.4638	
91.1003	
91.0089	
90.8465	
90.6992	
90.2848	
90.0191	
89.5097	
89.8328	
89.7281	
89.5514	
89.5230	
89.4408	
89.7497	
89.4149	
89.2295	
89.2229	
88.8221	
88.8086	
88.3509	
88.3508	
88.6217	
88.3955	
87.8628	
87.6436	
87.7969	
87.4623	
86.8817	
87.0230	
86.7210	
86.5300	
86.4217	
90.5537	
88.9178	
87.3595	
86.7594	
86.3359	
86.4238	
85.6260	
85.3861	
85.6441	
85.2420	
85.1897	
85.0574	
85.0604	
84.9086	
84.7133	
84.7620	
84.7322	
84.5377	
84.2644	
84.3955	
84.0684	
84.3058	
83.9651	
84.1374	
83.7428	
83.6926	
84.0102	
83.9977	
83.6995	
83.8329	
83.6550	
83.2798	
83.1197	
82.3410	
82.6971	
82.6584	
82.1339	
82.1801	
81.8962	
82.2269	
81.9509	
81.7650	
81.7627	
81.4984	
81.7019	
81.8622	
81.9786	
82.5600	
83.2143	
83.5424	
84.2622	
84.7036	
85.8000	
86.3258	
87.3180	
88.1126	
89.0917	
89.7832	
90.9877	
91.8269	
92.2202	
92.9631	
93.3746	
94.0375	
94.3876	
94.1028	
94.7924	
94.8790	
95.4440	
95.3113	
95.1455	
95.3696	
95.0118	
94.9665	
95.7213	
95.3440	
95.5048	
95.2178	
94.8172	
94.4313	
94.4355	
94.3908	
94.4515	
94.5253	
94.1060	
93.9156	
93.5987	
92.8736	
92.3652	
92.2915	
92.1055	
91.8537	
91.0730	
90.9890	
90.4250	
90.3543	
89.8734	
90.1694	
90.8879	
91.4621	
91.3256	
91.5537	
91.0226	
90.7487	
90.0446	
88.5835	
87.9543	
86.7854	
85.2180	
84.2894	
83.0193	
82.0179	
80.4555	
79.0535	
77.7865	
76.6730	
75.3577	
73.6824	
72.1865	
71.1326	
69.9786	
68.4187	
67.5400	
66.2131	
65.0049	
63.5262	
62.6525	
61.2285	
60.2386	
58.8494	
57.5635	
56.5665	
55.6302	
54.2278	
53.2945	
52.1555	
51.1413	
50.1562	
48.8616	
47.6568	
46.8358	
45.8609	
44.7996	
43.9235	
42.5419	
41.5833	
40.2977	
38.7353	
37.2896	
36.0017	
34.7588	
33.1838	
31.6110	
30.1866	
28.7067	
27.1308	
25.6100	
24.3801	
22.4945	
21.3131	
19.6267	
18.0320	
16.3690	
14.8080	
13.1892	
11.6686	
10.2886	
8.9447	
7.7480	
6.5912	
5.7550	
4.9573	
4.4882	
4.0481	
3.8175	
3.6782	
3.5016	
3.5001	
3.4322	
3.3559	
3.3321	
3.2392	
3.2008	
3.1482	
2.9979	
3.0852	
2.9203	
2.9107	
2.8580	
2.8112	
2.7867	
2.7409	
2.7014	
2.6692	
2.6114	
2.5717	
2.5328	
2.5377	
2.4896	
2.4336	
2.3644	
2.3899	
2.3098	
2.3396	
2.2701	
2.2351	
2.2031	
2.1904	
2.2002	
2.1680	
2.1208	
2.0883	
2.0502	
2.0444	
2.0265	
2.0083	
1.9802	
1.9827	
1.9624	
1.9609	
1.9005	
1.9039	
1.8735	
1.8432	
1.8664	
1.8343	
1.8072	
1.8465	
1.8212	
1.8169	
1.7982	
1.8007	
1.7528	
1.7367	
1.7234	
1.7292	
1.6891	
1.6613	
1.6887	
1.6783	
1.6224	
1.6756	
1.6255	
1.6450	
1.6546	
1.6033	
1.6370	
1.6121	
1.6024	
1.6321	
1.5984	
1.6017	
1.6023	
1.5458	
1.5842	
1.5879	
1.5343	
1.5323	
1.5609	
1.5489	
1.5330	
1.5444	
1.5610	
1.5476	
1.5300	
1.5295	
1.5074	
1.4922	
1.4671	
1.5025	
1.4788	
1.4605	
1.5047	
1.4477	
1.4456	
1.4583	
1.4606	
1.4826	
1.4352	
1.4412	
1.4455	
1.4339	
1.4337	
1.4284	
1.4315	
1.4315	
1.4504	
1.4249	
1.4279	
1.3937	
1.4461	
1.4073	
1.3894	
1.4036	
1.4051	
1.4036	
1.3938	
1.3949	
1.4109	
1.3917	
1.3512	
1.3963	
1.4018	
1.3782	
1.4099	
1.3963	
1.4383	
