1.3501	
1.3703	
1.3690	
1.3268	
1.3563	
1.3650	
1.3770	
1.3765	
1.3856	
1.4086	
1.3316	
1.4018	
1.3678	
1.3607	
1.4128	
1.3800	
1.4025	
1.3619	
1.3526	
1.3876	
1.3644	
1.4004	
1.3930	
1.3562	
1.3951	
1.3874	
1.3922	
1.4003	
1.3722	
1.3791	
1.3561	
1.3806	
1.3340	
1.3842	
1.3694	
1.3793	
1.3863	
1.4002	
1.3492	
1.3643	
1.3774	
1.3807	
1.3806	
1.3702	
1.3654	
1.3755	
1.3693	
1.3875	
1.3923	
1.3744	
1.3975	
1.3518	
1.3613	
1.3567	
1.3865	
1.3856	
1.3649	
1.3685	
1.4058	
1.3860	
1.3646	
1.3348	
1.4000	
1.3509	
1.3523	
1.4283	
1.4075	
1.3629	
1.4148	
1.3876	
1.3809	
1.3723	
1.3909	
1.3744	
1.4208	
1.3889	
1.4408	
1.3310	
1.3866	
1.3470	
1.3803	
1.4173	
1.3836	
1.3685	
1.3645	
1.3842	
1.3800	
1.3699	
1.3947	
1.4042	
1.4051	
1.4234	
1.3958	
1.3902	
1.4124	
1.4104	
1.4022	
1.4152	
1.4232	
1.4090	
1.4115	
1.4389	
1.4350	
1.4493	
1.4858	
1.5002	
1.4994	
1.5084	
1.5251	
1.5584	
1.5779	
1.5874	
1.6338	
1.6722	
1.6589	
1.7041	
1.7196	
1.7659	
1.8048	
1.8769	
1.9621	
1.9843	
2.0449	
2.1243	
2.2689	
2.2630	
2.4266	
2.5344	
2.6676	
2.8738	
2.9303	
3.1227	
3.3925	
3.6502	
4.0709	
4.5776	
6.5981	
14.6128	
25.9209	
37.5377	
49.5198	
62.2351	
74.5315	
87.9778	
100.3264	
113.3499	
125.3440	
138.5862	
150.3804	
162.7788	
175.7057	
186.9816	
199.0483	
210.9869	
222.9478	
234.5912	
242.6380	
243.4454	
244.1231	
244.1192	
243.8635	
243.8065	
242.7847	
243.4773	
242.6718	
243.1721	
243.3674	
243.0402	
243.1460	
243.2054	
242.6530	
243.2364	
241.9872	
241.5916	
241.5982	
241.8649	
240.7171	
240.8972	
240.3292	
240.4695	
239.5730	
240.2745	
239.6322	
239.9655	
239.0437	
239.3604	
239.7565	
239.1085	
238.8577	
238.8826	
238.7889	
238.1260	
237.9721	
237.8148	
237.2732	
237.8108	
237.7909	
238.2963	
236.8248	
237.0986	
236.9514	
236.8907	
237.2725	
237.3630	
236.9027	
236.7355	
236.9709	
236.0886	
236.1609	
236.9687	
236.9240	
237.3613	
238.8814	
238.8080	
239.9966	
240.7056	
241.8157	
241.5013	
241.4635	
242.1215	
241.9194	
241.3708	
241.0674	
241.0406	
240.8499	
240.9257	
240.1747	
241.0775	
241.2781	
240.4177	
239.9009	
240.1076	
240.2265	
240.9376	
240.3676	
240.3516	
240.0773	
240.0678	
239.5366	
239.8354	
239.7105	
239.8005	
240.3374	
240.3827	
239.9378	
240.0370	
240.5130	
241.0004	
241.5231	
241.7245	
241.5919	
242.9982	
243.9649	
243.6751	
242.8972	
243.3041	
244.0509	
243.8698	
243.5125	
242.9927	
243.0560	
243.8519	
244.1556	
243.9695	
243.3117	
244.5243	
244.2884	
244.4001	
245.1947	
245.0798	
245.0232	
245.5844	
245.0356	
244.7926	
244.8757	
244.5818	
245.3456	
245.0040	
244.8752	
245.5806	
244.9866	
244.6277	
244.6432	
244.7425	
245.0430	
244.7203	
245.1256	
244.9542	
245.9072	
245.7901	
246.4312	
246.0167	
245.9498	
246.4828	
246.2153	
246.4223	
246.4353	
246.4403	
246.2399	
247.3827	
247.1267	
247.1232	
247.3853	
246.8454	
247.3459	
247.2378	
247.8343	
247.3848	
249.0472	
249.7875	
251.1589	
252.5764	
254.0337	
254.6233	
255.0584	
255.2614	
256.4817	
256.5536	
257.0594	
256.6924	
256.8709	
257.8702	
257.7069	
257.1077	
257.6755	
257.9528	
258.0100	
258.4425	
258.8788	
261.1681	
261.8089	
263.0266	
263.6677	
263.6906	
264.0614	
264.0355	
264.0856	
264.0386	
265.0522	
264.4709	
265.1129	
295.5311	
286.5735	
272.0050	
272.4029	
271.8441	
271.8756	
271.0924	
271.7313	
271.4733	
272.0957	
272.0530	
272.4008	
274.4234	
275.1402	
277.6612	
278.0380	
278.4415	
278.9101	
279.5042	
279.1978	
279.9459	
280.6177	
280.2277	
281.0739	
281.5055	
280.9415	
281.4085	
280.5104	
280.6584	
282.2164	
281.4483	
282.1538	
281.2289	
281.9434	
282.0212	
282.0372	
283.2789	
283.5384	
283.5552	
284.0626	
284.6288	
284.2145	
284.0984	
284.4893	
284.5514	
284.5587	
284.6041	
283.3339	
285.0887	
284.5280	
285.0740	
284.8463	
284.5328	
284.7155	
285.0073	
285.6560	
285.8027	
285.9055	
285.4732	
287.6536	
286.5159	
287.5016	
287.6102	
287.7768	
287.7481	
288.0806	
288.3769	
287.7487	
288.2861	
288.4051	
287.9224	
287.0337	
287.1046	
287.9699	
287.7678	
287.7940	
288.3214	
288.8171	
288.6654	
288.7830	
288.5627	
288.5624	
288.7499	
289.0760	
288.2599	
288.5691	
287.4370	
288.2857	
287.9723	
287.5576	
288.0305	
287.3110	
288.0281	
288.4105	
287.8523	
287.9970	
287.5329	
288.0247	
287.4929	
288.2070	
287.6932	
287.7866	
287.3737	
287.5968	
287.9380	
288.4088	
287.8557	
288.2349	
287.8854	
287.8640	
287.2135	
286.8214	
285.7061	
286.6718	
286.7227	
287.3803	
287.4412	
287.1685	
286.5073	
286.4218	
285.7718	
286.2978	
286.0887	
284.3175	
284.1309	
284.3217	
284.6491	
285.5322	
286.1328	
285.6781	
287.1074	
286.8281	
287.0067	
287.2895	
288.1958	
287.4147	
287.2164	
287.7251	
287.0117	
286.7706	
287.3663	
286.7754	
287.3887	
286.3982	
286.9308	
286.2805	
285.5296	
285.9276	
285.3841	
285.6342	
284.9549	
283.7399	
284.3612	
283.3866	
282.9862	
283.0545	
282.6573	
282.0812	
281.7572	
282.1583	
281.9526	
281.5963	
281.3459	
280.7390	
281.4004	
280.4207	
280.5149	
281.0433	
281.2331	
281.8849	
283.2893	
286.9378	
290.8518	
292.9872	
295.7970	
295.9036	
296.7777	
297.2347	
297.1636	
297.2939	
297.7825	
298.1291	
297.5063	
298.2410	
297.5101	
297.2595	
297.0262	
297.2397	
296.1966	
296.2757	
295.6683	
295.1436	
295.3931	
294.5466	
294.0229	
293.8937	
293.0309	
292.9482	
292.2594	
292.2176	
292.4117	
291.6416	
290.8427	
290.5736	
290.0706	
289.3571	
289.4396	
288.9030	
288.5433	
288.6713	
288.5168	
287.7968	
287.3263	
286.7805	
287.0518	
285.7290	
286.2713	
284.7068	
284.3300	
283.8829	
283.0593	
282.1458	
281.2817	
280.7188	
280.1639	
280.4502	
279.8744	
279.7557	
279.2123	
279.1786	
278.3590	
277.6416	
277.5353	
277.0657	
276.5965	
275.9856	
275.6756	
274.9874	
273.4172	
273.0259	
273.1217	
272.5833	
272.7301	
272.5264	
271.9576	
272.2718	
272.0154	
271.1488	
271.4457	
270.2574	
269.5342	
268.2988	
268.1887	
267.5726	
267.6894	
267.6175	
267.1452	
266.5308	
266.3243	
265.2681	
265.2448	
264.4892	
263.7311	
264.1337	
264.0784	
263.2057	
262.4177	
262.0379	
261.0390	
261.0836	
260.7460	
259.3927	
259.0630	
258.4707	
258.1399	
258.2099	
257.2139	
257.7732	
255.7974	
255.6588	
255.1991	
254.8731	
254.8175	
253.9627	
253.6179	
253.4618	
253.2233	
253.1108	
252.1996	
251.8119	
252.2465	
250.9977	
250.4421	
250.1424	
249.0705	
249.0715	
247.6207	
247.3523	
246.6240	
246.3554	
246.4697	
245.3242	
244.9140	
244.8711	
243.7437	
243.5211	
243.4899	
242.8419	
242.7148	
241.4234	
240.9995	
240.3476	
240.4397	
239.7824	
238.3914	
237.9954	
237.9421	
237.3644	
236.8887	
236.4987	
236.3223	
235.6600	
234.9501	
233.9718	
233.4684	
232.2585	
232.5550	
231.5420	
231.4947	
230.9566	
231.0635	
231.9703	
233.3294	
235.7170	
236.7001	
238.9705	
239.8547	
239.9074	
241.3248	
240.5376	
240.2498	
240.2083	
240.0461	
240.3994	
239.8669	
239.2689	
239.4116	
238.3272	
238.5868	
238.0420	
237.1239	
236.6670	
236.0332	
236.3228	
234.7212	
234.8922	
234.5140	
234.0566	
233.7633	
234.2649	
233.5337	
232.7920	
232.9166	
232.1127	
230.9955	
231.5268	
230.6475	
231.0204	
230.1728	
229.8759	
228.9952	
229.5114	
228.2279	
228.0600	
227.4709	
226.0906	
226.0872	
226.9065	
225.9680	
226.3639	
225.3572	
225.5112	
225.3094	
224.8712	
225.0348	
223.7159	
223.5591	
223.0757	
222.3807	
222.9942	
221.9632	
221.2187	
221.1863	
221.0204	
220.8155	
220.5719	
218.9949	
219.4177	
218.7658	
218.1786	
235.6094	
227.8142	
213.5551	
212.1683	
210.8070	
209.9607	
208.9363	
208.2448	
207.1103	
206.4783	
206.8256	
205.5659	
204.9737	
204.8674	
204.9514	
204.4000	
203.4705	
202.7336	
202.3238	
201.9558	
201.1825	
199.8393	
199.8802	
199.3476	
199.3913	
198.6498	
198.3780	
197.9069	
197.4525	
196.8168	
196.6328	
195.8573	
195.9127	
194.9856	
194.8052	
194.7358	
194.8070	
194.1934	
194.7344	
193.5465	
193.6617	
193.5474	
193.5616	
193.4048	
193.0367	
192.5470	
192.5098	
191.0288	
190.9497	
190.1191	
189.5940	
189.1758	
188.3150	
188.0110	
187.3564	
187.3127	
187.1535	
187.4704	
186.8527	
185.8842	
186.1704	
186.6650	
185.7914	
186.2612	
185.2271	
185.1040	
184.9456	
184.0451	
184.2258	
183.7700	
183.7315	
183.4839	
183.3447	
182.8609	
182.3656	
182.0899	
181.4047	
181.4202	
181.0119	
180.2066	
180.3026	
179.8766	
179.0759	
178.6763	
178.6809	
178.2166	
177.3220	
177.4450	
176.7304	
176.4873	
176.2854	
175.8535	
175.5481	
175.8178	
175.5230	
175.4307	
175.3592	
175.1539	
174.9948	
174.8497	
173.9858	
173.3164	
173.2915	
172.8842	
172.7844	
172.6147	
172.0929	
171.7564	
172.1037	
171.6082	
171.2358	
170.5380	
170.7031	
170.3662	
169.9388	
169.8348	
169.4097	
169.4454	
168.5799	
168.5997	
168.1416	
168.0750	
167.4406	
166.5429	
166.7142	
166.8448	
166.2103	
166.2536	
165.5012	
165.0383	
165.1997	
164.1690	
163.1607	
162.6787	
162.8527	
162.0443	
161.6731	
161.4069	
161.2312	
160.6192	
160.3919	
159.6804	
159.8648	
159.2171	
158.5873	
157.7074	
157.5405	
157.1471	
156.9053	
156.6535	
156.2158	
156.1781	
157.0744	
156.8452	
156.9426	
156.7101	
156.4371	
156.4064	
156.1477	
155.6473	
154.3585	
154.5042	
154.6635	
154.3339	
153.9336	
153.8483	
153.5967	
153.0673	
152.1102	
152.2554	
151.8577	
151.3080	
150.9501	
150.3785	
149.4318	
149.6152	
148.7525	
148.7469	
148.2856	
147.4719	
147.7580	
147.8590	
147.6420	
147.5240	
147.6727	
147.6004	
147.7082	
146.8718	
147.3014	
147.4344	
146.9954	
147.1379	
146.6631	
146.5906	
145.9019	
145.5417	
144.9059	
144.8262	
144.9909	
144.7630	
144.3010	
144.1038	
145.0913	
143.9751	
143.8397	
143.5033	
143.1462	
142.7018	
142.0444	
142.2169	
141.0177	
141.0889	
140.7114	
140.1111	
140.2906	
139.6566	
139.5752	
139.3823	
138.7878	
138.8574	
138.8034	
138.2073	
138.2804	
137.0888	
137.3213	
137.2259	
137.1911	
136.9834	
136.7942	
135.9861	
135.4164	
135.8228	
135.8259	
135.4548	
135.5655	
134.8752	
134.7066	
134.5696	
134.3496	
133.2846	
133.2970	
132.6633	
132.3215	
132.3635	
132.1157	
131.7892	
131.6285	
130.8954	
130.7136	
130.6264	
130.1820	
129.8193	
129.7254	
129.1397	
129.3979	
128.9123	
128.9377	
128.4779	
128.3559	
128.6163	
127.9152	
127.6359	
126.6832	
127.0122	
126.6555	
126.7074	
126.1769	
125.7613	
125.3642	
125.0752	
124.8126	
125.0586	
124.0948	
124.1148	
124.1177	
123.0929	
123.1335	
122.8854	
122.0000	
121.9632	
121.3631	
121.1616	
121.2219	
120.7341	
121.0331	
120.9165	
120.6942	
120.1158	
120.2239	
119.5483	
118.6735	
118.4416	
117.8741	
117.8861	
117.7183	
117.7010	
116.7785	
116.2303	
116.1237	
115.9285	
115.7122	
115.6374	
115.4803	
114.9630	
114.4486	
114.3741	
113.9828	
114.0301	
113.6821	
113.2660	
112.7070	
112.4329	
112.1390	
111.2563	
110.9962	
110.3664	
109.9100	
109.9462	
109.3772	
108.8823	
108.9648	
108.6410	
107.9891	
106.8914	
106.9414	
105.7518	
105.4670	
105.0864	
105.0420	
104.5342	
104.6413	
103.6255	
102.9289	
102.9228	
102.4879	
101.8789	
101.6484	
101.3313	
100.3075	
99.7731	
99.1611	
98.3082	
98.2901	
97.4149	
97.2836	
96.7374	
95.7391	
95.0460	
94.4590	
94.6724	
94.6730	
94.8676	
95.9711	
98.2598	
101.3744	
104.0142	
106.8887	
109.6746	
111.5539	
112.4610	
113.8517	
114.8594	
115.4696	
115.7422	
115.9994	
116.3990	
116.8020	
116.7497	
117.1147	
117.0912	
117.4072	
117.3940	
116.9756	
116.8211	
116.5808	
116.3836	
116.2292	
116.0644	
115.7948	
115.5455	
115.2999	
115.4087	
114.6319	
114.6272	
114.2726	
114.3850	
113.5801	
113.5749	
113.5407	
113.2567	
113.1542	
113.2759	
112.4306	
112.4952	
112.4819	
112.2031	
111.3313	
112.2543	
112.2084	
111.6427	
111.4838	
111.7217	
111.1244	
111.3473	
110.4188	
110.7240	
110.9763	
110.2264	
110.1367	
109.7503	
109.5812	
109.7934	
109.3406	
109.6457	
109.3063	
109.3830	
109.0392	
109.0752	
108.9703	
108.8557	
108.5167	
108.5847	
107.9730	
107.9482	
107.7904	
107.5454	
107.6595	
107.2999	
107.0664	
106.4967	
106.2581	
106.1412	
105.5614	
106.3116	
109.6371	
107.7300	
106.9655	
105.9303	
105.8039	
105.1254	
104.8956	
104.8695	
104.5625	
104.3568	
104.0601	
103.8893	
103.7117	
104.0050	
103.7123	
103.4072	
103.6983	
103.4215	
103.1498	
103.5466	
103.5577	
103.2237	
103.0907	
103.0087	
102.9038	
102.9240	
103.0864	
102.6013	
103.0053	
102.0405	
102.7257	
102.4625	
102.1247	
101.8782	
101.3999	
101.1819	
101.1864	
100.9359	
100.9494	
100.7961	
100.5263	
100.4141	
100.2761	
100.1099	
100.4092	
100.8993	
101.1054	
101.3737	
101.6266	
101.8982	
102.9306	
103.0726	
104.1476	
104.3095	
105.7825	
106.2063	
106.9458	
108.0602	
108.6653	
109.1549	
109.5205	
110.1618	
110.7030	
111.0385	
111.1052	
111.1775	
111.1634	
111.9662	
111.7387	
111.5459	
111.7304	
111.7333	
112.1964	
111.4918	
111.6245	
111.4871	
111.5087	
111.1714	
110.9106	
110.5723	
110.5585	
110.4657	
110.6063	
110.0135	
110.1337	
109.9057	
109.3508	
109.4039	
108.5949	
108.1125	
107.6670	
107.1119	
106.8786	
105.8287	
105.3601	
105.7523	
105.4542	
105.1553	
105.4967	
105.6608	
104.6135	
104.0033	
103.5252	
102.0545	
101.1660	
99.5683	
97.6350	
96.7349	
95.2190	
93.2489	
92.2615	
90.0710	
88.2034	
86.9315	
85.2304	
83.5272	
81.9210	
80.2355	
78.3696	
77.0156	
75.3666	
73.9315	
72.6545	
71.1781	
70.0627	
68.3716	
66.9197	
66.0241	
64.4067	
63.0101	
61.4806	
60.1904	
58.8214	
57.0280	
56.0876	
54.6172	
53.3662	
52.0060	
50.6516	
49.2697	
47.9879	
47.0414	
45.6102	
44.6144	
42.8974	
41.9309	
40.6947	
38.8578	
37.8308	
35.9307	
34.3677	
32.4707	
30.5616	
28.9788	
27.2024	
25.2230	
23.5650	
21.9056	
20.0914	
18.2503	
16.2769	
14.5769	
12.7972	
10.8433	
9.3763	
7.8397	
6.6030	
5.5990	
4.8822	
4.3075	
4.1217	
3.8122	
3.7799	
3.5870	
3.5402	
3.4219	
3.3560	
3.2481	
3.2538	
3.1501	
3.0894	
3.0811	
2.9863	
2.9434	
2.8702	
2.8430	
2.8037	
2.7373	
2.7077	
2.6915	
2.5800	
2.5787	
2.5814	
2.5016	
2.4465	
2.4234	
2.4475	
2.3315	
2.2851	
2.2810	
2.2256	
2.2184	
2.1959	
2.1989	
2.1556	
2.1304	
2.0940	
2.0608	
2.0241	
2.0747	
2.0299	
2.0082	
1.9415	
1.9483	
1.9085	
1.9078	
1.8986	
1.8490	
1.8430	
1.8715	
1.8096	
1.8413	
1.7682	
1.7824	
1.7594	
1.7868	
1.6996	
1.7101	
1.6934	
1.6683	
1.6730	
1.6516	
1.6665	
1.6325	
1.6579	
1.6126	
1.6308	
1.6426	
1.6350	
1.5902	
1.6110	
1.5696	
1.5832	
1.5593	
1.5911	
1.5894	
1.5430	
1.5161	
1.5546	
1.5634	
1.4872	
1.5133	
1.5301	
1.5234	
1.4907	
1.5157	
1.4853	
1.4811	
1.4938	
1.4961	
1.4660	
1.5054	
1.4555	
1.4499	
1.4876	
1.4327	
1.4458	
1.4272	
1.4290	
1.4145	
1.4527	
1.4189	
1.3980	
1.4310	
1.3999	
1.4074	
1.4065	
1.4474	
1.3987	
1.4045	
1.3560	
1.3615	
1.3817	
1.3608	
1.3773	
1.3593	
1.4081	
1.3615	
1.3560	
1.3581	
1.3262	
1.3782	
1.3487	
1.3576	
1.3518	
1.3325	
1.3484	
1.3297	
1.3073	
1.3322	
1.3300	
1.3323	
1.3825	
1.3283	
1.3250	
1.3276	
1.3628	
